1 -4.547257151924089 0.5346353440937691 0.01307997277308122 -0.009267499372604439
1 -4.5621061374069845 0.5855725189516883 0.010185224698552556 -0.006201047374350132
1 -4.599094585000252 0.47112571604077125 0.013937675904963805 -0.009540072883615589
1 -4.38466880185232 0.4953847585156171 0.01522423060494619 -0.01063036692588556
1 -4.628310097954196 0.5735111410902436 0.011471779399398342 -0.0078364884400621
1 -4.547203545477322 0.4878549152692757 0.010078011804728853 -0.00674619439637243
1 -4.607349977647679 0.5507853246079587 0.012865546990326422 -0.008313492084597805
1 -4.493597099687605 0.5723186319721607 0.013508824339166413 -0.008858639105910254
1 -4.544684042522974 0.4749758168763947 0.01211505674737493 -0.00770020168402414
1 -4.605688177826365 0.4926249517098413 0.010292437589786053 -0.009131212616211554
1 -4.709309437533361 0.5570204436705198 0.01061407626521335 -0.008449778838861144
1 -4.743724775727958 0.553613274782703 0.01168620518359214 -0.006814337774213948
1 -4.62546895632442 0.5384854449253109 0.009541947350288167 -0.005587756975906015
1 -4.63184812337037 0.44294842933932826 0.015224230601204782 -0.007359484795881322
1 -4.671463286810369 0.5696951119282792 0.01361603723558032 -0.0070869112852250974
1 -4.617803234576906 0.4553505240866088 0.01200784385527803 -0.007768345062930432
1 -4.3343323492540025 0.4883319189088425 0.011578992286602632 -0.00586033048514254
1 -4.533105050231622 0.5702402589495915 0.011150140724258845 -0.00517889670779213
1 -4.5726666072195306 0.5770545967213211 0.014580953249198987 -0.008040918572876806
1 -4.471457637573059 0.4601205605261096 0.018440617350297343 -0.011856947726677967
1 -4.578884954931651 0.45964355688228375 0.014152101688582004 -0.0057240437280398045
1 -4.404664006119747 0.5724549187189706 0.01329439855813842 -0.006609907641399243
1 -4.548007642156393 0.5222673210158885 0.016939636870725968 -0.008858639106265179
1 -4.519703438781243 0.6004959186570997 0.010506863374843254 -0.00817720532820492
1 -4.682130969515299 0.5442776320239163 0.016081933736540977 -0.007768345062220582
1 -4.768115708555673 0.496440980853882 0.01693963686640896 -0.00858606559454418
1 -4.7341292219245705 0.45739482541049675 0.01629635952274938 -0.009812646393916888
1 -5.271587447374247 1.1884369817534006 0.014366527465292989 -0.010494080171977147
1 -4.529030960327192 0.48874077914909475 0.011578992294085445 -0.0070869112852250974
1 -4.55273793166364 0.5563460067086697 0.01145837778612345 -0.006790000851274605
1 -4.622392807151963 0.5015879353246064 0.013267595328135031 -0.00832322685057922
1 -4.558811733423766 0.46298349499556934 0.01257836959659777 -0.0077756461371503
1 -4.603295510841277 0.5417621070330979 0.013899385584034809 -0.00898032370747476
1 -4.669231439150907 0.5861526502382576 0.012980417941889193 -0.00971043132644476
1 -4.457122220294993 0.598308942085856 0.01332503080578712 -0.006424947042676915
