1 -1.4386640327573352 1.7192341440521244 0.011578992288905035 -0.007722916143304646
1 -1.5700355625650368 1.587717425021898 0.01758291422100496 -0.008540636676338092
1 -1.9533573875747097 1.4502495176690522 0.009720635503687066 -0.007086911285580023
1 -1.9567882001042545 1.4174044095998397 0.01658226056392817 -0.008631494513105192
1 -1.9733704606687583 1.4629241859275215 0.01143604176745224 -0.00772291614365957
1 -2.0305506695086097 1.4761440012081903 0.012579645945406226 -0.008722352350582142
1 -2.0469185042882003 1.4622881810690869 0.00957768498252207 -0.007541200468705672
1 -2.0895892351343988 1.5695458576264194 0.010721289157022449 -0.008449778840280843
1 -1.7881780592872898 1.5505565696975525 0.014866854298723992 -0.008086347492147669
1 -2.03526803673641 1.569682144381925 0.014152101685416198 -0.008904068023406491
1 -2.156275653695614 1.9039935555583059 0.012436695423377827 -0.007904631816838845
1 -2.0539945551319154 1.9390873950925618 0.009005882890667071 -0.007223198039488435
1 -2.0947354539310186 2.007162629452246 0.012436695421075424 -0.010357793414519487
1 -2.0949498797136292 2.0215408821546235 0.012007843857004834 -0.011856947725968117
1 -2.0916262800756056 1.9960552588807599 0.0139376759026614 -0.007768345062220582
1 -2.000709748020216 1.9239595652353474 0.017368488433357553 -0.008858639106620103
1 -2.1202521221269017 2.0913878443342826 0.013723250121057807 -0.007904631817548694
1 -2.0131464434425865 2.0936365758002133 0.011364566508452644 -0.007768345060445959
1 -2.197767042734934 2.007230772829555 0.0139376759026614 -0.0072231980398433605
1 -2.034213776637458 2.136805405596267 0.010399650484185357 -0.006746194396017506
1 -1.9921863231421144 2.050161100804938 0.012758334097653923 -0.007768345062930432
1 -2.1839365797220673 2.132137584221576 0.015009804819025587 -0.009948933149599925
1 -2.0529224262188612 2.1232108017381797 0.01050686337282865 -0.00790463181790362
1 -2.0495988265808376 2.106890462769093 0.010506863375706655 -0.008790495728068734
1 -1.9759435700681476 2.0936365757998585 0.012436695420499822 -0.008586065595254029
1 -2.174501845262437 2.077793240475308 0.013079972771642216 -0.008654208972030774
1 -2.1216458897171107 2.1204850666282455 0.01586750795464958 -0.008722352350937067
1 -2.057210941881584 2.149650432300227 0.00922030867486087 -0.008040918572876806
1 -2.197874255626168 1.424673036556647 0.014795379038285395 -0.008449778839216068
1 -2.0330880412751893 1.3265465726155259 0.011150140723971044 -0.007359484796946096
1 -2.1386927394750406 1.2944510417016828 0.009220308673421867 -0.007223198039488435
1 -1.925124659459711 1.3082841473822155 0.015653082172470387 -0.006814337773859024
1 -2.186188050446317 1.3651157244147305 0.016296359519583574 -0.00926749937189459
1 -2.0765092623631882 1.423753100957916 0.010721289158461452 -0.005247040085633649
1 -3.437523314462254 1.1878747989215233 0.01211505674737493 -0.007223198040198285
1 -3.4582690089811225 1.1854216373231328 0.009434734458766868 -0.005860330485497465
1 -3.4205836775925356 1.1863415729229285 0.011042927831298543 -0.0070187679066737296
1 -3.4146333621096496 1.1596634405393227 0.010292437591800657 -0.005178896707437206
1 -3.437255282233163 1.2078067369103538 0.010292437590937255 -0.006746194396017506
1 -3.4194043357855133 1.1483175681461013 0.012972759883286724 -0.007427628174077765
1 -3.3919042290997954 1.2221168462348897 0.009863586027154467 -0.006746194394952731
1 -3.4554278673555205 1.1596293688495147 0.013401611444479308 -0.008109061951428175
1 -3.960480996340223 0.7569190422701223 0.012865546992341027 -0.007904631818258545
1 -3.9778494847761707 0.7557265331600254 0.012007843854990229 -0.007427628172658066
1 -3.9224740262785107 0.7574641892916123 0.010399650481882954 -0.007495771550854509
1 -3.9263336903747166 0.7826090956752035 0.013616037230975512 -0.0077683450625755076
1 -3.9480979073646205 0.7935461078026181 0.012115056752267539 -0.008109061951428175
1 -3.9700765501387183 0.8021321733976947 0.011042927833313147 -0.007427628174077765
1 -3.9774206332103734 0.8260504989831555 0.013079972771354415 -0.008381635462439323
1 -3.9628396799574332 0.7786227080787507 0.013079972770203214 -0.00838163545995485
1 -3.975383588271037 0.7427792913891254 0.011578992290344038 -0.008109061950008475
1 -3.931211876941526 0.7222681346907714 0.011364566507301442 -0.007563914929405877
1 -3.927781064412269 0.6980431639053788 0.012865546989175221 -0.008040918573586657
1 -3.905319963626757 0.6875150120453681 0.01361603722982431 -0.007836488440417027
1 -3.9883027417056853 0.6268333341720835 0.012329482529266324 -0.007359484795171472
1 -3.933034496099115 0.8064933495729858 0.010935714940065046 -0.00742762817372284
1 -4.179409720936222 0.6146356695560204 0.011793418073386635 -0.00586033048514254
1 -4.214468336480667 0.6401894362068383 0.01736848843767456 -0.007359484795526397
1 -3.963804595980549 0.6955900023075207 0.014795379039148796 -0.008858639105910254
1 -4.2352140310004 0.7830860993190294 0.022836345908714386 -0.011584374215311893
1 -4.547257151924089 0.5346353440937691 0.01307997277308122 -0.009267499372604439
1 -4.5621061374069845 0.5855725189516883 0.010185224698552556 -0.006201047374350132
1 -4.144940776295864 0.584243723084666 0.009541947349424765 -0.006814337773149174
1 -3.959355260979969 0.6825746171577144 0.011257353613477739 -0.007495771550854509
1 -3.969594092125721 0.720053474911632 0.011364566509028244 -0.00926749937189459
1 -3.971202285499404 0.7308542002833636 0.010721289155871247 -0.007563914929050952
1 -4.22524323208345 0.7012459026552345 0.011150140722244241 -0.007768345061155808
1 -4.241861230276591 0.6970210132363364 0.013508824336576207 -0.008586065594189255
1 -4.260837912085933 0.6959307191930015 0.01115014072195644 -0.008040918572876806
1 -4.599094585000252 0.47112571604077125 0.013937675904963805 -0.009540072883615589
1 -4.38466880185232 0.4953847585156171 0.01522423060494619 -0.01063036692588556
1 -4.628310097954196 0.5735111410902436 0.011471779399398342 -0.0078364884400621
1 -3.9788680072451914 0.7664591151453972 0.011793418074250037 -0.009131212616921403
1 -3.7637989467485635 0.7634608065253393 0.014366527468746594 -0.008040918572876806
1 -3.764495830543452 0.7092868212252719 0.011900630964907934 -0.006950624529187136
1 -3.6651630865010505 0.7324555696546534 0.009649160243248469 -0.007086911283805399
1 -3.472715946125921 1.1715714957866046 0.014152101687143 -0.006678051018530912
1 -3.700972192286144 0.7262545222815455 0.010935714935748037 -0.007904631818258545
1 -3.500698510826075 0.7356583084085908 0.014152101689733205 -0.009267499371184741
1 -2.730481097760912 1.1490160377524727 0.01586750795349838 -0.007359484795171472
1 -2.7071622938435174 1.150617407129264 0.009970798918100163 -0.006473620885361281
1 -3.878409527837355 1.2440079063166105 0.013937675903524804 -0.008858639105555328
1 -3.857931865546714 1.2447574834710926 0.013723250121633408 -0.009267499372604439
1 -3.876050844223455 1.272628124964618 0.014795379036558592 -0.010494080170912372
1 -3.8355243712092655 1.2416910314728384 0.014795379036270791 -0.008586065595608955
1 -3.835095519643612 1.2288119330808447 0.013508824337151809 -0.01172066097170478
1 -4.202406886174017 0.5030168168148786 0.011364566507301442 -0.008858639105200404
1 -4.547203545477322 0.4878549152692757 0.010078011804728853 -0.00674619439637243
1 -4.607349977647679 0.5507853246079587 0.012865546990326422 -0.008313492084597805
1 -4.493597099687605 0.5723186319721607 0.013508824339166413 -0.008858639105910254
1 -4.544684042522974 0.4749758168763947 0.01211505674737493 -0.00770020168402414
1 -4.605688177826365 0.4926249517098413 0.010292437589786053 -0.009131212616211554
1 -4.709309437533361 0.5570204436705198 0.01061407626521335 -0.008449778838861144
1 -4.743724775727958 0.553613274782703 0.01168620518359214 -0.006814337774213948
1 -4.62546895632442 0.5384854449253109 0.009541947350288167 -0.005587756975906015
1 -4.63184812337037 0.44294842933932826 0.015224230601204782 -0.007359484795881322
1 -4.671463286810369 0.5696951119282792 0.01361603723558032 -0.0070869112852250974
1 -4.617803234576906 0.4553505240866088 0.01200784385527803 -0.007768345062930432
1 -3.9405393985047423 0.6842441299001022 0.01007801180847026 -0.00817720532820492
1 -4.3343323492540025 0.4883319189088425 0.011578992286602632 -0.00586033048514254
1 -4.533105050231622 0.5702402589495915 0.011150140724258845 -0.00517889670779213
1 -3.9303541738077725 0.7095253230407962 0.012651121201815616 -0.00749577155014466
1 -3.9496524942873625 0.7212459840107264 0.012222269640910832 -0.008313492083533032
1 -4.5726666072195306 0.5770545967213211 0.014580953249198987 -0.008040918572876806
1 -4.471457637573059 0.4601205605261096 0.018440617350297343 -0.011856947726677967
1 -4.578884954931651 0.45964355688228375 0.014152101688582004 -0.0057240437280398045
1 -3.922956484284745 0.6845848467877126 0.010721289158461452 -0.00613290399544384
1 -3.788618731142939 0.566219799659249 0.016081933736253176 -0.010085219904928036
1 -3.762137146921637 0.7522512208792826 0.011578992288905035 -0.008994925861948215
1 -3.7559187992125387 0.7405987032864841 0.015438656385974183 -0.010494080170202523
1 -3.941504314526851 0.7584522682522131 0.010078011807031257 -0.006405477507519763
1 -4.220043406833731 2.096106773209169 0.011364566507877042 -0.008040918572876806
1 -4.177479888880061 2.1013538132951575 0.012436695422226625 -0.009812646395336586
1 -4.213181781773922 2.0682361317154663 0.01350882433859081 -0.00899492586230314
1 -4.233230592498765 2.0666006906506413 0.012865546988311818 -0.00790463181790362
1 -4.25231448719891 2.05181357768157 0.011150140723683245 -0.007495771551209434
1 -4.314980422324191 2.129531099989502 0.012543908320942937 -0.007018767906318805
1 -4.333153007442951 2.1267372215022586 0.01350882433801521 -0.009608216260037408
1 -4.319644183106087 2.1026485374727266 0.013723250121057807 -0.008994925860528516
1 -4.450551123719211 2.216584265046993 0.010078011811636065 -0.007086911284515248
1 -4.432753783715883 2.2195825736670507 0.01307997277336902 -0.008449778839216068
1 -4.311067151780786 2.0598544962533816 0.0141521016868552 -0.007359484795526397
1 -4.377217505880078 2.0675546979381156 0.01651078530233837 -0.012402094748700264
1 -4.385580111423487 2.0961067732097014 0.01908389469741053 -0.00899492586159329
1 -4.362743765517651 2.0977422142748807 0.015009804821327992 -0.00790463181719377
1 -4.286193760935901 2.117640080573371 0.015009804821615793 -0.008722352349872292
1 -4.205837698702554 2.1251699238136785 0.010828502053724157 -0.006337334130033169
1 -4.513806729745845 2.132597551986869 0.011793418074250037 -0.007972775195035288
1 -4.388099614377261 2.108406652891107 0.00911309578161277 -0.005928473861919284
1 -5.118916289784746 2.125680999145183 0.018440617353175346 -0.011448087458564082
1 -4.404664006119747 0.5724549187189706 0.01329439855813842 -0.006609907641399243
1 -4.548007642156393 0.5222673210158885 0.016939636870725968 -0.008858639106265179
1 -4.519703438781243 0.6004959186570997 0.010506863374843254 -0.00817720532820492
1 -4.682130969515299 0.5442776320239163 0.016081933736540977 -0.007768345062220582
1 -4.768115708555673 0.496440980853882 0.01693963686640896 -0.00858606559454418
1 -4.7341292219245705 0.45739482541049675 0.01629635952274938 -0.009812646393916888
1 -6.305655786612189 1.0377038302107304 0.020584875184176916 -0.012810955014329677
1 -6.583015537114062 0.8968514684302358 0.019941597833610124 -0.015127829857392056
1 -6.855443494601782 0.3329650176644308 0.014152101687430802 -0.00954007288219589
1 -6.3787749786648265 0.18413988068907822 0.01886946891465573 -0.011720660970640005
1 -6.3422153826390835 0.18843291348670524 0.015224230601780384 -0.010494080171622223
1 -5.896316966583419 0.8496281076572259 0.012007843854126827 -0.008586065594899104
1 -5.956570611646305 0.8495258925908186 0.011578992288041634 -0.0070187679066737296
1 -5.945098832249066 0.8718769204885863 0.01222226964033523 -0.007836488438997327
1 -5.935020820440595 0.4323180624015527 0.009434734456176664 -0.007495771551209434
1 -6.315787404864982 0.18928470570723974 0.008898670002023778 -0.007291341418039803
1 -5.17756174147136 -0.12816121947608047 0.011364566507589243 -0.008040918573231732
1 -4.9891886909749035 -0.4878901105461764 0.012865546988311818 -0.010357793415229336
1 -5.651335509333786 -0.8570909311195619 0.022300281447654287 -0.014173822569740346
1 -5.658089921502506 -0.7847226639643805 0.011793418072235433 -0.0068143377735040995
1 -5.643884213368739 -0.781622140277028 0.011686205180138534 -0.008517922217767435
1 -5.628391950537724 -0.77961191063372 0.013723250121057807 -0.007904631816838845
1 -5.606252488426776 -0.7748418741922672 0.009756373133042963 -0.007768345061865658
1 -5.768411986931165 -0.7610769118897535 0.022729133016041885 -0.011993234481296229
1 -2.108592720176911 1.3795110129299801 0.011364566503272234 -0.007086911284160323
1 -2.015853568965803 1.400158456384017 0.009434734458766868 -0.009131212616566478
1 -2.179246015722975 1.3960017103411857 0.008577031327459883 -0.005996617240470652
1 -2.222613630364925 1.4823052982434846 0.01125735361434114 -0.0075639149283411025
1 -2.152442792829124 1.5676548788584868 0.01136456650701364 -0.009131212615501703
1 -2.098085856802355 1.3198514857216561 0.009434734456464464 -0.006201047374350132
1 -2.1833201056016476 1.3048258709296068 0.014580953252076992 -0.008040918572521882
1 -2.204012193675763 1.2822704128993792 0.015224230602068184 -0.010085219904573112
1 -1.9685726837791522 1.3917086775437362 0.016510785298309162 -0.009267499372249514
1 -2.2296360747624484 1.3748091198635293 0.010721289156159048 -0.007086911284160323
1 -2.2197188822905405 1.3155584529210123 0.011257353612902138 -0.00742762817372284
1 -2.16900718457823 1.3777392851053907 0.01232948252696392 -0.007223198040553209
1 -3.9463288946360997 1.2704816085485906 0.015867507953786178 -0.00858606559454418
1 -3.628978735578508 1.2173979172925677 0.013294398552094609 -0.008449778838506219
1 -3.92231320692209 1.2728666267691395 0.010078011811636065 -0.006950624529187136
1 -3.366414364113482 1.0687772104496749 0.011578992291495241 -0.008040918573231732
1 -3.3461511276063147 1.0666647657397823 0.009649160239794861 -0.005724043730169353
1 -3.3569796296555783 1.0511280756158734 0.010292437589786053 -0.006269190751836726
1 -3.34229146350867 1.0584194170340906 0.01222226963975963 -0.008313492084597805
1 -4.17512120525321 0.4682977658401175 0.009649160241809465 -0.006950624528477286
1 -4.155501246094883 0.4682977658401175 0.010292437593527461 -0.007495771551209434
1 -4.109078064044288 0.47463509996979575 0.011793418071947632 -0.007359484796946096
1 -4.1741562892321085 0.45466909029257696 0.010721289153568842 -0.007768345061510733
1 -4.150247814408757 0.5148396928350671 0.007933753976893089 -0.006269190751836726
1 -4.178873656460053 0.6421315224449755 0.012436695425104631 -0.00790463181719377
1 -4.139687344585851 0.5670034484907619 0.007826541086522993 -0.005383326840606836
1 -5.271587447374247 1.1884369817534006 0.014366527465292989 -0.010494080171977147
1 -1.996233609800425 1.3405330008607097 0.010721289157022449 -0.004906323197490831
1 -1.9447714218437242 1.3319469352654556 0.009434734458191268 -0.005178896708147055
1 -2.1637001464381407 1.934198107694101 0.012007843856429232 -0.009131212616211554
1 -2.1190995835432638 2.078662068494163 0.014152101687143 -0.007768345062930432
1 -2.0714970596844955 1.9812170383323442 0.010078011806455655 -0.006405477506809913
1 -2.041477450044142 1.9816940419756375 0.011150140725122246 -0.0073594847962362465
1 -1.5750477652540902 1.9826991567973802 0.008577031326884282 -0.005076681641384777
1 -1.5537123998307032 1.984215346952402 0.011150140723971044 -0.005315183462765318
1 -1.5982325530564354 2.0076396330483344 0.010989321387120797 -0.006098832306878005
1 -1.5485661810366735 1.9707911015378536 0.009434734458191268 -0.005928473863338984
1 -1.5502815872988558 1.956446920524929 0.009649160240370462 -0.0070869112852250974
1 -1.6134299804384293 1.9381674594476908 0.011150140718502835 -0.006371405817889154
1 -1.5903792087483992 1.9408080153355003 0.010078011807319058 -0.006950624529542061
1 -1.5083077402482654 1.9590704405688106 0.012972759882998923 -0.006405477507874687
1 -1.4911804808178808 1.97341462158209 0.009059489343766634 -0.006201047373640283
1 -1.554784528744909 1.995833792857167 0.011257353615492342 -0.00592847386156436
1 -1.5310368732627244 1.9846923505965828 0.011793418073386635 -0.006678051018885836
1 -1.566202701697827 1.9285422073419507 0.012222269638320626 -0.008858639105910254
1 -2.1160976225805235 2.106668996739999 0.011150140719078435 -0.0069506245298969855
1 -2.089991283482568 1.9810126081956252 0.010399650487351163 -0.007904631816483921
1 -2.093797341133157 2.035459167005284 0.013723250121345608 -0.009403786127222702
1 -2.07138984679355 1.9678268646031671 0.009649160242097266 -0.006064760618312171
1 -2.189645666199246 1.9196154248544721 0.0139376759020858 -0.008313492083533032
1 -2.2048698967990115 1.9004671357099319 0.010935714938338243 -0.00817720532749507
1 -2.195971226799722 1.8501773229413296 0.013294398554972614 -0.006814337774923798
1 -2.2125892249941574 1.9887809532550065 0.010078011809333662 -0.006269190751836726
1 -2.1953279494507383 1.9756292813523564 0.011578992289768438 -0.008858639106620103
1 -2.2039585872245344 2.0185596093259646 0.011042927828708339 -0.005587756974841241
1 -2.194041394752195 2.1046928387834822 0.01479537903598299 -0.00926749937189459
1 -2.0334900896210564 2.076992555733851 0.011257353615204543 -0.008245348706401362
1 -2.106234036553369 2.121319822951081 0.009863586024276462 -0.005724043730169353
1 -2.217896263125757 2.1195821668193164 0.012115056750252935 -0.007836488439707176
1 -2.126497273058809 2.1468735896026083 0.009863586024564261 -0.006269190752191651
1 -2.115883196792588 1.8649644359091593 0.015009804821903594 -0.01076665368405307
1 -2.1251035054700393 1.7145038578677396 0.014152101687430802 -0.00831349208424288
1 -2.1855715763188464 2.0223074951008595 0.012865546989175221 -0.007086911283805399
1 -2.1504057478815852 2.0094283967086883 0.010721289156159048 -0.006405477506809913
1 -2.1153471323325355 2.0651696796968038 0.01222226963975963 -0.006678051018885836
1 -2.174207009810394 2.0628528048535637 0.015009804821903594 -0.009948933149245
1 -2.175707990291548 2.1044884086504902 0.012436695422226625 -0.00899492586159329
1 -4.3835430664653 2.0825462410187066 0.011793418075113438 -0.008449778839216068
1 -4.1747995665711635 2.085408262883614 0.012865546988024019 -0.007086911284870173
1 -4.697033561424816 2.1148462020651873 0.0143665274713368 -0.008449778839925917
1 -5.119345141334571 2.1091221583360826 0.013294398554684813 -0.009540072883260663
1 -5.110500077779171 2.09484612069958 0.010399650477853746 -0.007700201683669214
1 -4.689207020341459 2.1015582434070317 0.013294398554972614 -0.008449778839925917
1 -4.710006321304793 2.156686235994928 0.010721289157598051 -0.008040918572876806
1 -4.529030960327192 0.48874077914909475 0.011578992294085445 -0.0070869112852250974
1 -5.895244837650794 0.8372941562691533 0.011793418072523234 -0.008858639106620103
1 -3.4633348180831276 1.1485731057659794 0.013723250121057807 -0.008858639105555328
1 -3.9497597071531256 1.2832244201715917 0.010506863375706655 -0.007495771551209434
1 -2.0627056025673736 1.359681289988391 0.011578992290056237 -0.0072231980398433605
1 0.3622355790436383 0.8903778475203846 0.01286554698888742 -0.007904631817548694
1 0.3407930007280105 0.8890831233440577 0.010721289156446849 -0.007223198040198285
1 0.3190287837424236 0.8750455875296456 0.01565308216844118 -0.007768345061510733
1 0.29479867024335676 0.8736145765965708 0.012651121203542419 -0.00817720532749507
1 0.2961924378350043 0.8890149799658613 0.01672521108221516 -0.009267499372604439
1 0.340042510487937 0.8762040249511767 0.012222269640047431 -0.00790463181790362
1 0.27871673650710355 0.9021325801790581 0.017154062649739357 -0.00926749937189459
1 0.2543258036736328 0.9033591609789632 0.013294398555836015 -0.008381635461729474
1 0.23031011596149378 0.9017918632902054 0.015438656385974183 -0.008654208972740622
1 0.23277601246835436 0.9169537648365182 0.014366527471624601 -0.0074957715515643585
1 0.23518830253132497 0.9292877162061348 0.010614076262047543 -0.008040918572521882
1 0.23218634156599452 0.9421668145986609 0.012329482530705326 -0.005587756975196165
1 0.23202552222813697 0.9527971815250789 0.010935714940928447 -0.007086911283805399
1 0.2102345020154247 0.9378397101140652 0.008523424880404131 -0.006337334128968395
1 0.2545938359061774 0.9419623844653138 0.01372325012220901 -0.006337334128968395
1 0.2334728962630989 0.9655059214733561 0.010078011806743456 -0.006064760618312171
1 0.2548082616869176 0.9663236420049698 0.012543908316913729 -0.00654176426249295
1 0.27544674331570396 0.9520135326804338 0.009649160242960668 -0.0072231980398433605
1 0.23202552222784917 0.8869706786320355 0.014795379037997594 -0.00742762817372284
1 0.32299566072784824 0.8896623420528713 0.009327521568972373 -0.005042609952818943
1 0.2739993692782957 0.872558354241447 0.010185224698552556 -0.005996617241535426
1 0.38491110561348785 0.8882994744981705 0.013937675904100404 -0.008313492083533032
1 0.36100263079085554 0.8760847740387118 0.009005882890954872 -0.0052129683970678145
1 0.38375856702711564 0.8750626233726861 0.008845063553529023 -0.006303262440757486
1 0.40935564489041687 0.8890149799644416 0.011150140723395444 -0.00879049572771381
1 0.4089267933239 0.876204024949757 0.011793418071659833 -0.00749577155014466
1 0.25454022945725097 0.9180781305675315 0.012972759875803909 -0.00817720532820492
1 0.2992480052443686 0.9157953274140997 0.011257353617219147 -0.0063373341293233194
1 0.27603641422094183 0.8878224708520376 0.009434734458191268 -0.0068143377735040995
1 0.3428032424442507 0.9020303651106987 0.00991719247536142 -0.007086911284160323
1 0.36400459175618605 0.9014170747108349 0.011150140722244241 -0.008040918573231732
1 0.2566308808468089 0.8722857807286611 0.011257353611175335 -0.006609907639979544
1 0.2530392489755211 0.8853011658754506 0.011578992294661047 -0.007018767906318805
1 0.3383807106674862 0.48615133078614814 0.010721289160476056 -0.008177205327140145
1 0.357786244047519 0.4870371946970231 0.014152101682825992 -0.008449778838506219
1 0.3193504224143973 0.4847543915421716 0.01275833409707832 -0.007291341418039803
1 0.2964068636176152 0.4856743271421448 0.008898670001160376 -0.007223198039133511
1 0.27566116910076116 0.47095535755091456 0.009381128009120911 -0.005281111774554408
1 0.25579998093701517 0.48490771414213757 0.008898670002023778 -0.005928473862984058
1 0.27440141762387493 0.4852484310313452 0.010292437590937255 -0.006064760618667096
1 0.23425018973072947 0.48565729129679713 0.01018522469999156 -0.007155054662356767
1 0.23778821515136403 0.4719264006837365 0.009970798918387964 -0.006405477506809913
1 0.23500067997008345 0.5012961964878231 0.01104292782899614 -0.007086911284160323
1 0.2746694498531099 0.5027272074200105 0.009541947351151568 -0.007768345061865658
1 0.29814907310721067 0.5012961964878231 0.006861625060528904 -0.004701893063966275
1 0.31953804497491933 0.5015858058438271 0.010292437590649454 -0.006848409462779783
1 0.2561216196095645 0.5020457736435474 0.008362605538949075 -0.006746194394597806
1 0.21634563683688743 0.5012621247996122 0.01350882433743961 -0.007768345061865658
1 0.3396404621462431 0.4997629704876312 0.008684244216966577 -0.007563914928696028
1 0.35733058925632305 0.5011258380421545 0.010614076265788952 -0.006609907640689393
1 0.37920201913558976 0.5008532645323857 0.010399650482746355 -0.005792187106946097
1 0.3795638626479637 0.48651760144062656 0.010533666596500426 -0.007308377262500183
1 0.3800865254935904 0.5151122663222983 0.011739811628633289 -0.007972775194325439
1 0.29533473470542415 0.513067964990957 0.014634559698557143 -0.008994925861948215
1 0.3611098436832403 0.47294855134869734 0.011739811627769886 -0.007972775194680363
1 0.3802071399959403 0.47471176124768466 0.007960557201716068 -0.005775151262485717
1 0.3403641491646594 0.4725396910821806 0.010935714939201644 -0.006643979329965077
1 0.35709941145769414 0.5165177234888599 0.01586080714599753 -0.009659323793063621
1 0.31799015885492965 0.4719391775668156 0.012543908312884522 -0.006976178295700243
1 0.2569592203271468 0.4722458227672799 0.00844301521313021 -0.0055962748965390436
1 0.2180007358519959 0.4716708630170083 0.01109653427576409 -0.0058262587955119315
1 0.21751827784072567 0.48508659050843916 0.01206145030636299 -0.009046033393199806
1 0.31714585733142936 0.5161344169892113 0.01206145030118258 -0.007359484794461623
1 0.335298340036033 0.5145628603392497 0.008804858719748163 -0.004523016697664677
1 0.3986812613716542 0.5156361185386564 0.00989038924449463 -0.005289629695542361
1 0.4016363166945518 0.5010704715479245 0.01001100374986642 -0.006822855695201902
1 0.39934464113796025 0.4870031230063277 0.010734690765980331 -0.006132903996153689
1 0.4006714006697089 0.4743923391650286 0.01290575182756089 -0.007896113894786118
1 0.36086861467652587 0.46009500672392656 0.013388209834945824 -0.006746194396017506
1 0.3415702941931948 0.4609382810234731 0.009528545736149875 -0.005672936196078364
1 0.4195475703938801 0.487156445606826 0.011820221293892605 -0.007359484794461623
1 0.4437910854993146 0.48899631680624 0.012785137317872092 -0.0070528395945297145
1 0.41960787764527085 0.5162494089386976 0.009046087726462535 -0.005902920096470952
1 0.42208047495675427 0.5014537780481055 0.012061450299167976 -0.005596274896184119
1 0.42379923162470157 0.4749672989144129 0.008262093459533434 -0.004982984496675227
1 0.40181723844944367 0.4607082971239678 0.012664522819407515 -0.007436146095775567
1 0.3561043418061485 0.5283235636809145 0.011699606793413425 -0.006976178295345318
1 0.3782974103624254 0.5290518460309747 0.01097591977528491 -0.007666129996523079
1 0.33716786483130606 0.5278635958813716 0.010011003750154221 -0.007129500895488735
1 0.4445147725187382 0.4755422586639747 0.011940835796961992 -0.0067461943956625805
1 0.4405948011688393 0.5161727476379161 0.009649160240082662 -0.008279420394612273
1 0.4600740434076379 0.5009938102478527 0.00976977474430325 -0.007359484795171472
1 0.4594106636393173 0.5164027315379538 0.009649160240658263 -0.00613290399544384
1 0.48196557570537796 0.515482795938513 0.010855305271064321 -0.006746194396017506
1 0.42340723449210044 0.46116826492280094 0.011217148777682274 -0.005596274895829194
1 0.2572607565836691 0.5133362795398769 0.010493461763582967 -0.007436146095775567
1 0.23464553726751275 0.5141795538394235 0.010372847261952584 -0.006516210494915069
1 0.3987415686218938 0.5288985234302989 0.011699606789096416 -0.006362887896191351
1 0.7587155528792223 0.16333911461289263 0.019057091477192357 -0.010732581991937988
1 0.73658279157448 0.16299413876283614 0.01218206480655437 -0.007282823494922302
1 0.7149324882818715 0.16138425146381474 0.013750053344153983 -0.008816049494581842
1 0.7839239840086363 0.16299413876283614 0.013267595333891042 -0.00820275909507295
1 0.6771499952131581 0.1604451505394891 0.01055376901497376 -0.007934444544910704
1 0.6959357040592358 0.1601576706655068 0.011337763278161455 -0.007206162195737905
1 0.8061170525649132 0.16377991708755074 0.010614076262623146 -0.007474476744835378
1 0.8061472061904646 0.18363519377559964 0.010312540008834989 -0.007781121944767286
1 0.7816021548259177 0.1834818711759886 0.011940835796961992 -0.007359484794816547
1 0.8321396315904054 0.13317289308125932 0.011578992292070841 -0.007857783245016457
1 0.8063582815711958 0.13347953828119122 0.011518685036938642 -0.007091170245364149
1 0.8093434905199327 0.14909927814591267 0.015076812876478224 -0.009199355993698147
1 0.8328633186052241 0.16496816723591154 0.01652418690985725 -0.00996596899299553
1 0.7854015116710205 0.13273209060642374 0.009649160240658263 -0.00720616219538298
1 0.7651382751631343 0.13311539710642736 0.013508824341181017 -0.007819452595601722
1 0.7857633551793651 0.14764271344685723 0.009649160242960668 -0.007129500894778885
1 0.7627259851031855 0.1464352979725468 0.009166702229531922 -0.005711266846557875
1 0.8538502421313827 0.16546646568486922 0.01543865638453518 -0.008126097794468856
1 0.829968570535588 0.1833668792234853 0.01350882433743961 -0.00850940429429501
1 0.854815158158528 0.14994255244492682 0.014232511360172933 -0.007896113895495967
1 0.876947919460824 0.15021086699491162 0.013388209835233625 -0.008432742995465538
1 0.8559609959358165 0.13438030855450495 0.012182064805403167 -0.006822855695911751
1 0.878214371742333 0.13480194570410076 0.010131618253799208 -0.006899516994031373
1 0.898176071990819 0.13499359895436877 0.011940835800415599 -0.008969372095080183
1 0.899683753279474 0.1488309635953955 0.014473740361994697 -0.008739388195042521
1 0.8097053340268384 0.11801312101448364 0.015679885391537352 -0.009046033394619504
1 0.7887787177552364 0.11797479036560128 0.012905751823243881 -0.006976178296055168
1 0.765138275161983 0.11732316931614527 0.01411189685393774 -0.007666129995103381
1 0.7407741455546303 0.11747649191504646 0.011217148779696878 -0.007359484794461623
1 0.8545136218982644 0.11973800026387879 0.01049346176559757 -0.0082027590957828
1 0.8331648548654879 0.11954634701396571 0.00832240070775842 -0.006439549196440522
1 0.7395680005224974 0.1316588324061297 0.01266452281768071 -0.008126097795533629
1 0.735648029174757 0.1474510601962343 0.010614076263774348 -0.0075128073946050394
1 0.7199681437817806 0.13269375995487945 0.012061450302909383 -0.00804943649528446
1 0.7165306304464616 0.11670987891557161 0.014353125861515515 -0.008739388195042521
1 0.6980766114851918 0.1308922194068323 0.009528545739315681 -0.007666129994038606
1 0.7162894014396034 0.1477577053958113 0.011940835798113194 -0.007359484794816547
1 0.8772494557164828 0.12023629871372378 0.01230267930703355 -0.008739388194687597
1 0.899442524272472 0.12111790366233015 0.013750053346456386 -0.009122694694513751
1 0.8126603893507434 0.10348580467316645 0.016765415919449626 -0.009582662494589075
1 0.7887787177553803 0.10360079662354021 0.011940835803005803 -0.006746194396017506
1 0.8351549941638303 0.1040224337733135 0.010372847257635575 -0.007436146094355869
1 0.8546342364013337 0.10421408702340403 0.009769774746030054 -0.006286226595942181
1 0.7667062637023168 0.10333248207373288 0.01025223275427839 -0.007282823495632151
1 0.7185810769984973 0.10245087712423921 0.013146980827655851 -0.006899516995451073
1 0.7001270580373714 0.1165182256653036 0.00976977474430325 -0.007282823495987076
1 0.6834219493683052 0.11555995941591568 0.010131618252360206 -0.00613290399544384
1 0.740171073038276 0.10252753842360107 0.009046087724735733 -0.00720616219538298
1 0.7017553538257861 0.10130095762476075 0.01013161825495041 -0.007819452594891871
1 0.6800447432826502 0.1301256064066476 0.010855305270776522 -0.008432742994755688
1 0.8758623889326239 0.16600309478412895 0.012182064806266569 -0.00873938819575237
1 0.8776716064757867 0.10517235327243703 0.012423293814132144 -0.008202759094008177
1 0.9008295910600722 0.10524901457339604 0.010734690770872942 -0.007896113895141043
1 0.6977147679765593 0.14505539457178845 0.010372847261089183 -0.006094573346029104
1 0.6796225925226269 0.1457453462715465 0.011096534278642095 -0.00670786374518307
1 -2.323497610856095 -1.062647559535058 0.014714969367270066 -0.009506001194339904
1 -2.3204822482810874 -1.0498451224429584 0.01254390831144552 -0.011805840192232055
1 -2.268014939467921 -1.0447854766458566 0.014232511354129122 -0.011499194993009994
1 -2.269341699002404 -1.0573579298380957 0.015921114398539528 -0.008739388194687597
1 -2.2643965043785736 -1.032519668653904 0.013750053344441782 -0.008739388193977746
1 -2.3286840344866397 -1.083806078321309 0.014956198374560041 -0.011039227193999445
1 -2.3323024695771384 -1.096110216963741 0.01350882433801521 -0.008969372095080183
1 -2.3175271929568946 -1.0173407312640181 0.016524186915325458 -0.008586065595254029
1 -2.3140896796205683 -1.0048832700219752 0.010614076263774348 -0.008662726893728576
1 -2.2719349108171008 -1.0665572858332137 0.011458377786986853 -0.006822855695556827
1 -2.2700050787664074 -1.0772132065261448 0.013629438840796796 -0.006976178296410092
1 -2.26216513607179 -1.0209821430118342 0.01459435486362508 -0.00904603339426458
1 -2.260476533028099 -1.0088696576198477 0.010493461763007366 -0.007666129995103381
1 -2.2756739604098053 -1.087025852918997 0.010975919772119104 -0.007589468695564059
1 -2.2756136531581266 -1.0988316931117612 0.012061450303484983 -0.007896113894076268
1 -2.2281518462200376 -1.0907439259670622 0.009046087725886935 -0.008432742995110614
1 -3.934666142164072 0.7334883676708048 0.010614076263198746 -0.009812646393207038
1 -3.4212102028188713 1.1733709067921154 0.011820221295331609 -0.008892710793411314
1 -4.187775676747541 2.125772566735466 0.012543908314323525 -0.006899516996160922
1 -4.22341726238814 2.1102103228453992 0.009528545738740079 -0.008586065593479405
1 -4.569038120784384 2.134971922729342 0.01423251135384132 -0.01103922719293467
1 -6.27314012666588 0.19237458196638305 0.017006644928178605 -0.008892710795185938
1 -9.476721634060445 0.560425483031772 0.0161623434052539 -0.008739388193622822
1 -9.479736996637035 0.524854639854045 0.018815862469038984 -0.01211248539287381
1 0.3206135242904291 0.4598203037308938 0.007960557199413664 -0.005570721129671012
1 0.3003100829474669 0.45941144346455454 0.009488340902369014 -0.004957430730517045
1 0.42316600548365924 0.4512214612539804 0.010674383513150537 -0.005596274895119344
1 0.20134731915397214 0.4890620264838018 0.010338385974497929 -0.006735242781138457
1 0.42077956140851225 0.5311299148269449 0.010510692406015192 -0.006680484709582609
1 0.43682559796770726 0.529610378345618 0.010166079538375858 -0.0053662909965013815
1 0.37897371313545036 0.5414107427304106 0.012147603518524114 -0.008049436494219684
1 0.3982720336148962 0.5405346135881789 0.010769152053434986 -0.006516210493850295
1 0.2979466130816561 0.528624733061162 0.011372224569933118 -0.0067900008519844535
1 0.2775283007864116 0.5276938458473746 0.012406063163065903 -0.0067900008530492285
1 0.2577130610072336 0.5263796521342933 0.007926095914549213 -0.007228065423366454
1 0.2154979849564043 0.5261606198484249 0.01309528889719337 -0.007885162279197219
1 -2.135106372162475 1.4220574258238563 0.012578369599763576 -0.007885162280261994
1 -2.205665856417342 1.4609904145804538 0.014129127489750553 -0.008651775280624151
1 -1.9246340644182074 1.319605074257685 0.010338385972771126 -0.006570968567180765
1 -2.091297461606081 1.2875168444248053 0.01042453919011266 -0.007118549278835062
1 -2.066657641707869 1.2882834574232154 0.009390700589784862 -0.0053662909965013815
1 -2.138035581519998 1.306504205677079 0.009476853805687394 -0.005913871708865527
1 -2.1171003499273233 1.3079826736046505 0.007409176614817016 -0.0038330649979066147
1 -2.226601088012175 1.3295025956595499 0.009649160240658263 -0.006132903995798764
1 -2.076263725337698 1.336977072403498 0.010338385972195524 -0.005968629780421374
1 -1.9418647077040487 1.3918172808986218 0.01188914386649951 -0.005585323282014919
1 -3.4218046595679183 1.2096371773915031 0.0077537894738223334 -0.005640081352860917
1 0.2776575306105532 0.5528414901349518 0.013095288896905569 -0.008104194565420606
1 -3.9161518154510704 0.7352953840002046 0.011630684217065113 -0.006680484709582609
1 -3.9171425774384105 0.7465755467064588 0.01085530526962532 -0.00711854928167446
1 -3.9461762113767196 0.6972932824573945 0.009476853807414197 -0.0065709685668258406
1 -3.9825328687090504 0.7794577685747688 0.008787628080481743 -0.006625726637316913
1 -3.986538993274276 0.7902451086386175 0.012492216380695238 -0.0073923396376790705
1 -3.9692652733803397 0.7920521249942817 0.010338385974210128 -0.006297178208691682
1 -3.943850074532817 0.7806076880744247 0.009821466670160922 -0.005640081352505992
1 -3.9551361458856964 0.6715022308346261 0.013439901764544904 -0.007994678423373687
1 -3.9514315575820294 0.8046738604502823 0.009821466670160922 -0.007556613851636761
1 -3.73337776679301 0.7234128825102079 0.013095288898056771 -0.00887080756542784
1 -3.9392839540643685 0.6721045696201433 0.00999377310484399 -0.0055853232816599945
1 -3.9030134499457816 0.6756090861883599 0.009821466671887725 -0.005585323280950145
1 -3.7529345469226096 0.7289434477201345 0.01292298246740291 -0.006461452423004297
1 -4.205325086405806 0.698716992315717 0.01206145030147038 -0.008323226850934146
1 -4.340068716902202 -0.2783860335259261 0.014818353227043826 -0.009418388278501836
1 -4.55273793166364 0.5563460067086697 0.01145837778612345 -0.006790000851274605
1 -5.106573883492853 -0.3466693485427574 0.013612208196925569 -0.013251453276053525
1 -7.510937847663005 0.5893651237585312 0.019126014046633458 -0.010623065848826295
1 -6.865994869456805 0.4306214748057977 0.016024498252845076 -0.010294517421620762
1 -6.806936839594718 0.4371650643361358 0.012836829248910173 -0.010020727064551377
1 -5.905644965898568 0.8256188227604115 0.009649160240946064 -0.006735242781138457
1 -4.622392807151963 0.5015879353246064 0.013267595328135031 -0.00832322685057922
1 -4.558811733423766 0.46298349499556934 0.01257836959659777 -0.0077756461371503
1 -3.956902286826808 0.744604256141451 0.009907619890380462 -0.007556613851991687
1 -3.918348722472126 0.6731449729802368 0.011372224568206316 -0.008651775279204452
1 -3.987012835968791 0.6143895623814698 0.011199918133811047 -0.008761291422316147
1 -2.6873054128845033 1.1528256783368727 0.01154453100605519 -0.006023387851622296
1 -4.277435328559294 0.6943911046801964 0.008787628075013534 -0.0072280654226566056
1 -6.841958122075811 0.43242849116252663 0.013439901761379098 -0.008104194565775531
1 -4.603295510841277 0.5417621070330979 0.013899385584034809 -0.00898032370747476
1 -4.669231439150907 0.5861526502382576 0.012980417941889193 -0.00971043132644476
1 -3.96013303243006 0.7668542858204668 0.009764031195099039 -0.00708204389850768
1 -4.195790797113401 0.7858735892830115 0.011487095523510493 -0.007739140755048294
1 -4.457122220294993 0.598308942085856 0.01332503080578712 -0.006424947042676915
1 -4.341102555496629 2.099775259558888 0.012865546987160617 -0.00832322685128907
1 -4.3643064884552665 2.083366090833052 0.0089599345082576 -0.004855215663399842
1 -4.966517471321553 2.1201087567334493 0.009419418329186507 -0.008469248374728145
1 -4.986102969190699 2.115436067975413 0.01160196647910247 -0.007301076186150767
1 -4.276971526676213 2.092449398542912 0.01098453509534982 -0.009445767314812146
1 -4.317463538400214 2.08813720042111 0.015722961999056918 -0.009856452849883837
1 -4.256725520814356 2.0810186511406776 0.014430663752460528 -0.007666129994393531
1 -4.292694488675414 2.0722573597187166 0.011846067259843347 -0.00903508177938553
1 -4.337009549378798 2.0692456657921956 0.011953758780081262 -0.008624396243958915
1 -4.356770943398001 2.0554192527662254 0.018092175450910467 -0.00876129142196122
1 -4.687922369064798 2.1366665411890318 0.017446026327468372 -0.010951614277806452
1 -4.592830756426201 2.1695898316110975 0.011630684218504115 -0.006707863744828146
1 -4.377878481423631 2.0497381028583663 0.016584494163550446 -0.011499194991945221
1 -4.636015056163632 2.112641437366575 0.01098453509534982 -0.006023387853041995
1 -4.668053283525213 2.095101742624027 0.011522992697978398 -0.006673639950416301
1 -4.202664377501238 2.110656457277556 0.012061450300319177 -0.0072554444589669155
1 -4.298832905345524 2.1018267182651735 0.014430663752748329 -0.009856452850238761
1 -5.0188584116895365 2.1084661344197584 0.014861429834851192 -0.01026713838531045
