1 -3.437523314462254 1.1878747989215233 0.01211505674737493 -0.007223198040198285
1 -3.4582690089811225 1.1854216373231328 0.009434734458766868 -0.005860330485497465
1 -3.4205836775925356 1.1863415729229285 0.011042927831298543 -0.0070187679066737296
1 -3.4146333621096496 1.1596634405393227 0.010292437591800657 -0.005178896707437206
1 -3.4194043357855133 1.1483175681461013 0.012972759883286724 -0.007427628174077765
1 -3.4554278673555205 1.1596293688495147 0.013401611444479308 -0.008109061951428175
1 -3.960480996340223 0.7569190422701223 0.012865546992341027 -0.007904631818258545
1 -3.9778494847761707 0.7557265331600254 0.012007843854990229 -0.007427628172658066
1 -3.9224740262785107 0.7574641892916123 0.010399650481882954 -0.007495771550854509
1 -3.9263336903747166 0.7826090956752035 0.013616037230975512 -0.0077683450625755076
1 -3.9480979073646205 0.7935461078026181 0.012115056752267539 -0.008109061951428175
1 -3.9700765501387183 0.8021321733976947 0.011042927833313147 -0.007427628174077765
1 -3.9774206332103734 0.8260504989831555 0.013079972771354415 -0.008381635462439323
1 -3.9628396799574332 0.7786227080787507 0.013079972770203214 -0.00838163545995485
1 -3.975383588271037 0.7427792913891254 0.011578992290344038 -0.008109061950008475
1 -3.931211876941526 0.7222681346907714 0.011364566507301442 -0.007563914929405877
1 -3.927781064412269 0.6980431639053788 0.012865546989175221 -0.008040918573586657
1 -3.905319963626757 0.6875150120453681 0.01361603722982431 -0.007836488440417027
1 -3.9883027417056853 0.6268333341720835 0.012329482529266324 -0.007359484795171472
1 -3.933034496099115 0.8064933495729858 0.010935714940065046 -0.00742762817372284
1 -4.179409720936222 0.6146356695560204 0.011793418073386635 -0.00586033048514254
1 -4.214468336480667 0.6401894362068383 0.01736848843767456 -0.007359484795526397
1 -3.963804595980549 0.6955900023075207 0.014795379039148796 -0.008858639105910254
1 -4.2352140310004 0.7830860993190294 0.022836345908714386 -0.011584374215311893
1 -4.144940776295864 0.584243723084666 0.009541947349424765 -0.006814337773149174
1 -3.959355260979969 0.6825746171577144 0.011257353613477739 -0.007495771550854509
1 -3.969594092125721 0.720053474911632 0.011364566509028244 -0.00926749937189459
1 -3.971202285499404 0.7308542002833636 0.010721289155871247 -0.007563914929050952
1 -4.22524323208345 0.7012459026552345 0.011150140722244241 -0.007768345061155808
1 -4.241861230276591 0.6970210132363364 0.013508824336576207 -0.008586065594189255
1 -4.260837912085933 0.6959307191930015 0.01115014072195644 -0.008040918572876806
1 -3.9788680072451914 0.7664591151453972 0.011793418074250037 -0.009131212616921403
1 -3.7637989467485635 0.7634608065253393 0.014366527468746594 -0.008040918572876806
1 -3.764495830543452 0.7092868212252719 0.011900630964907934 -0.006950624529187136
1 -3.6651630865010505 0.7324555696546534 0.009649160243248469 -0.007086911283805399
1 -3.472715946125921 1.1715714957866046 0.014152101687143 -0.006678051018530912
1 -3.700972192286144 0.7262545222815455 0.010935714935748037 -0.007904631818258545
1 -3.500698510826075 0.7356583084085908 0.014152101689733205 -0.009267499371184741
1 -4.202406886174017 0.5030168168148786 0.011364566507301442 -0.008858639105200404
1 -3.9405393985047423 0.6842441299001022 0.01007801180847026 -0.00817720532820492
1 -3.9303541738077725 0.7095253230407962 0.012651121201815616 -0.00749577155014466
1 -3.9496524942873625 0.7212459840107264 0.012222269640910832 -0.008313492083533032
1 -3.922956484284745 0.6845848467877126 0.010721289158461452 -0.00613290399544384
1 -3.788618731142939 0.566219799659249 0.016081933736253176 -0.010085219904928036
1 -3.762137146921637 0.7522512208792826 0.011578992288905035 -0.008994925861948215
1 -3.7559187992125387 0.7405987032864841 0.015438656385974183 -0.010494080170202523
1 -3.941504314526851 0.7584522682522131 0.010078011807031257 -0.006405477507519763
1 -3.366414364113482 1.0687772104496749 0.011578992291495241 -0.008040918573231732
1 -3.3461511276063147 1.0666647657397823 0.009649160239794861 -0.005724043730169353
1 -3.3569796296555783 1.0511280756158734 0.010292437589786053 -0.006269190751836726
1 -3.34229146350867 1.0584194170340906 0.01222226963975963 -0.008313492084597805
1 -4.17512120525321 0.4682977658401175 0.009649160241809465 -0.006950624528477286
1 -4.155501246094883 0.4682977658401175 0.010292437593527461 -0.007495771551209434
1 -4.109078064044288 0.47463509996979575 0.011793418071947632 -0.007359484796946096
1 -4.1741562892321085 0.45466909029257696 0.010721289153568842 -0.007768345061510733
1 -4.150247814408757 0.5148396928350671 0.007933753976893089 -0.006269190751836726
1 -4.178873656460053 0.6421315224449755 0.012436695425104631 -0.00790463181719377
1 -4.139687344585851 0.5670034484907619 0.007826541086522993 -0.005383326840606836
1 -3.4633348180831276 1.1485731057659794 0.013723250121057807 -0.008858639105555328
1 -3.934666142164072 0.7334883676708048 0.010614076263198746 -0.009812646393207038
1 -3.4212102028188713 1.1733709067921154 0.011820221295331609 -0.008892710793411314
1 -3.9161518154510704 0.7352953840002046 0.011630684217065113 -0.006680484709582609
1 -3.9171425774384105 0.7465755467064588 0.01085530526962532 -0.00711854928167446
1 -3.9461762113767196 0.6972932824573945 0.009476853807414197 -0.0065709685668258406
1 -3.9825328687090504 0.7794577685747688 0.008787628080481743 -0.006625726637316913
1 -3.986538993274276 0.7902451086386175 0.012492216380695238 -0.0073923396376790705
1 -3.9692652733803397 0.7920521249942817 0.010338385974210128 -0.006297178208691682
1 -3.943850074532817 0.7806076880744247 0.009821466670160922 -0.005640081352505992
1 -3.9551361458856964 0.6715022308346261 0.013439901764544904 -0.007994678423373687
1 -3.9514315575820294 0.8046738604502823 0.009821466670160922 -0.007556613851636761
1 -3.73337776679301 0.7234128825102079 0.013095288898056771 -0.00887080756542784
1 -3.9392839540643685 0.6721045696201433 0.00999377310484399 -0.0055853232816599945
1 -3.9030134499457816 0.6756090861883599 0.009821466671887725 -0.005585323280950145
1 -3.7529345469226096 0.7289434477201345 0.01292298246740291 -0.006461452423004297
1 -4.205325086405806 0.698716992315717 0.01206145030147038 -0.008323226850934146
1 -3.956902286826808 0.744604256141451 0.009907619890380462 -0.007556613851991687
1 -3.918348722472126 0.6731449729802368 0.011372224568206316 -0.008651775279204452
1 -3.987012835968791 0.6143895623814698 0.011199918133811047 -0.008761291422316147
1 -4.277435328559294 0.6943911046801964 0.008787628075013534 -0.0072280654226566056
1 -3.96013303243006 0.7668542858204668 0.009764031195099039 -0.00708204389850768
1 -4.195790797113401 0.7858735892830115 0.011487095523510493 -0.007739140755048294
