1 -4.333153007442951 2.1267372215022586 0.01350882433801521 -0.009608216260037408
1 -4.450551123719211 2.216584265046993 0.010078011811636065 -0.007086911284515248
1 -4.432753783715883 2.2195825736670507 0.01307997277336902 -0.008449778839216068
1 -4.377217505880078 2.0675546979381156 0.01651078530233837 -0.012402094748700264
1 -4.385580111423487 2.0961067732097014 0.01908389469741053 -0.00899492586159329
1 -4.362743765517651 2.0977422142748807 0.015009804821327992 -0.00790463181719377
1 -4.513806729745845 2.132597551986869 0.011793418074250037 -0.007972775195035288
1 -4.388099614377261 2.108406652891107 0.00911309578161277 -0.005928473861919284
1 -5.118916289784746 2.125680999145183 0.018440617353175346 -0.011448087458564082
1 -4.3835430664653 2.0825462410187066 0.011793418075113438 -0.008449778839216068
1 -4.697033561424816 2.1148462020651873 0.0143665274713368 -0.008449778839925917
1 -5.119345141334571 2.1091221583360826 0.013294398554684813 -0.009540072883260663
1 -5.110500077779171 2.09484612069958 0.010399650477853746 -0.007700201683669214
1 -4.689207020341459 2.1015582434070317 0.013294398554972614 -0.008449778839925917
1 -4.710006321304793 2.156686235994928 0.010721289157598051 -0.008040918572876806
1 -4.569038120784384 2.134971922729342 0.01423251135384132 -0.01103922719293467
1 -4.341102555496629 2.099775259558888 0.012865546987160617 -0.00832322685128907
1 -4.3643064884552665 2.083366090833052 0.0089599345082576 -0.004855215663399842
1 -4.966517471321553 2.1201087567334493 0.009419418329186507 -0.008469248374728145
1 -4.986102969190699 2.115436067975413 0.01160196647910247 -0.007301076186150767
1 -4.337009549378798 2.0692456657921956 0.011953758780081262 -0.008624396243958915
1 -4.356770943398001 2.0554192527662254 0.018092175450910467 -0.00876129142196122
1 -4.687922369064798 2.1366665411890318 0.017446026327468372 -0.010951614277806452
1 -4.592830756426201 2.1695898316110975 0.011630684218504115 -0.006707863744828146
1 -4.377878481423631 2.0497381028583663 0.016584494163550446 -0.011499194991945221
1 -4.636015056163632 2.112641437366575 0.01098453509534982 -0.006023387853041995
1 -4.668053283525213 2.095101742624027 0.011522992697978398 -0.006673639950416301
1 -5.0188584116895365 2.1084661344197584 0.014861429834851192 -0.01026713838531045
