1 -6.305655786612189 1.0377038302107304 0.020584875184176916 -0.012810955014329677
1 -6.583015537114062 0.8968514684302358 0.019941597833610124 -0.015127829857392056
1 -5.896316966583419 0.8496281076572259 0.012007843854126827 -0.008586065594899104
1 -5.956570611646305 0.8495258925908186 0.011578992288041634 -0.0070187679066737296
1 -5.945098832249066 0.8718769204885863 0.01222226964033523 -0.007836488438997327
1 -5.935020820440595 0.4323180624015527 0.009434734456176664 -0.007495771551209434
1 -5.895244837650794 0.8372941562691533 0.011793418072523234 -0.008858639106620103
1 -6.806936839594718 0.4371650643361358 0.012836829248910173 -0.010020727064551377
1 -5.905644965898568 0.8256188227604115 0.009649160240946064 -0.006735242781138457
1 -6.841958122075811 0.43242849116252663 0.013439901761379098 -0.008104194565775531
