1 0.28724076729824355 0.3522027874857511 0.02037261977405628 0.02463636661352606
1 0.30185025657879233 0.2647003096884311 0.029178172411033657 0.036479753906404344
1 0.35037630154887534 0.26119044182170276 0.03803221713751555 0.03902694975132467
1 0.5240028435256469 0.697906703774008 0.024405348950815274 0.027608885400212085
1 0.3181905420098408 0.5988476422120556 0.027546222568603188 0.02299752772784813
0 0.2724521363012084 0.6185320903736468 0.013945661763456173 0.012507518144362658
0 0.2530265982153757 0.6045174726798497 0.013799532944927128 0.009197575478056193
0 0.25531496727929975 0.6201909736339604 0.01349231597126984 0.010652457109906456
0 0.23681373808532954 0.6025710822404421 0.010155970995291703 0.007739107756313749
0 0.21870601317970217 0.5871357509335148 0.013958861690877778 0.009512618632453656
0 0.2384678460405458 0.6206189294196374 0.011127832470598018 0.011663003546984197
0 0.1392341882436786 0.5660800730781348 0.011584692286872646 0.010832830353158428
1 0.84829937714913 0.9760712011779166 0.018833270889547903 0.021618980394525204
1 0.6442812137583998 0.9770762968497971 0.015655285615428557 0.01868238117553126
1 0.6257736854415341 0.8605735446763418 0.016903512764313237 0.025898287944014994
0 0.31741129494737835 0.8342518709697383 0.010987915351487151 0.008562116696156074
0 0.36088226818434166 0.8317760078084881 0.008016028770404618 0.007713120243624071
0 0.37505069033083754 0.8296638144392298 0.010331195003648357 0.01214049500071845
0 0.3888326643284683 0.8275256218222077 0.010669247844233745 0.011970873523361522
0 0.40067447055858085 0.8281045977368984 0.010822418540171007 0.009348372713492443
0 0.2184828156270314 0.9112061658279673 0.010039835190854786 0.010193779673117813
0 0.22431882930590158 0.977844226898722 0.01001607450792884 0.011156835184520873
0 0.21287789608363245 0.8601375334142349 0.010652513061763673 0.011500551363495147
0 0.2211372891492097 0.8359683661938774 0.009554774828664049 0.007222185488098382
0 0.26741553109979666 0.8332960810783143 0.009415693243556632 0.007385531844132428
