0 0.833094256473478 0.5097848696801229 0.01148545632229709 0.014081574680114334
0 0.8460868831848862 0.4891957443470148 0.0112990954250279 0.013167180186947798
0 0.8896160758382118 0.4957575429711611 0.011490266510717025 0.014263037995472624
0 0.8247595203713309 0.44392006559423075 0.009589249636160164 0.010682587966118973
0 0.9700643012366008 0.5149191650015759 0.008742773712771695 0.012502815774692002
0 0.9626709923906842 0.4639872843103769 0.012348792678335817 0.012255230455141321
0 0.8087442296393579 0.5336957076174786 0.01231271008983618 0.012061524013729214
0 0.7728626101060838 0.370919781229263 0.015102281588379566 0.0140472947317608
0 0.774616398457665 0.40102462446998044 0.011907479742133036 0.011392254457933754
0 0.8052400130392393 0.39874123642744563 0.010208472632235142 0.011152027921800303
0 0.8133649084821525 0.46305482044478263 0.010004078491886215 0.011828641790008119
0 0.8324541837393828 0.3902094898393099 0.009792443313749462 0.010944855160909256
0 0.7833794390491959 0.34955597374058406 0.010851756453332377 0.010271911235309532
0 0.7806228753986837 0.5860461577343393 0.01173197960776345 0.011628807170037999
0 0.8106032407142949 0.5615806732848396 0.011057405510417572 0.013829101777416112
0 0.7758882620011842 0.5387848442136324 0.014265449519791617 0.012039488956208395
0 0.8000641378738759 0.36273553782918344 0.013831334480924941 0.011340839388204023
1 0.7739136931410332 0.21845400887213734 0.021885009480004266 0.024115703589868306
1 0.8481154449126206 0.2025152648492322 0.020665801709245254 0.02344032188919341
1 0.8851261447864107 0.19494085175800935 0.01850264192831407 0.02297577735825004
1 0.8092506004720018 0.1892509815371427 0.0136521576726582 0.017833695856204305
1 0.8230415123735169 0.16684897600004917 0.015081773631547283 0.016938888820622004
1 0.7641620225162904 0.15937201035748857 0.02043009581612196 0.01872972664191139
