1 0.43530211330823054 0.043579188720819305 0.008693073639964185 -0.011815176823359431
1 0.430169175195326 0.016837209109207826 0.009792043047661824 -0.009590401290984185
1 0.516467635626564 0.037531290254086795 0.007259885442965641 -0.009144223255550494
1 0.4781609139837915 0.027335975689900892 0.008414140848624633 -0.007682511948489694
1 0.5159680059680534 0.025675031938703907 0.008320365760975132 -0.011730565019461708
1 0.47344928089631494 0.30619161735645667 0.029988877753977006 -0.026079658821738624
1 0.34335982207186155 0.5437354417649787 0.012116020694829342 -0.011320043911470987
1 0.4218276112764029 0.43282869614602476 0.013483671637524555 -0.0134819055373033
1 0.4004207387045253 0.435795740405815 0.015577105117234879 -0.013528444720040698
1 0.5679526708455666 0.342889308881193 0.01530271528538589 -0.013823742715173918
1 0.568801287948381 0.3600299681538219 0.00956777642844472 -0.010363495541337735
1 0.6909757207664547 0.3590085043001534 0.012917993096634746 -0.012843026513304791
1 0.6578723625812634 0.42142495689622306 0.013185579262719285 -0.010966129234117088
1 0.6914923736725639 0.37924427362108826 0.011380061355033298 -0.012589155463729407
1 0.6939018528282688 0.4000005938990346 0.011723937452430042 -0.013811668318278453
