0 0.5106098321416247 0.1740430997031853 0.010839732598012302 0.009163653789377632
0 0.5104092575756508 0.13745840621260036 0.01000120927925543 0.010466919875069215
0 0.4260514510056135 0.20509743181631726 0.01146803117179281 0.01226986628317093
0 0.4749766936404068 0.17144722422882586 0.00933233355480604 0.011158072955465765
0 0.33668926278014394 0.054009631000511996 0.012537036671804275 0.011598168372951323
0 0.4139018154210188 0.3807227608407752 0.007884645014892371 0.011399391864245267
0 0.4981707840256772 0.3512361769635915 0.00829197086877649 0.011384809154376228
0 0.4805023759980432 0.4889857329820571 0.00976955255590648 0.012726985705599466
0 0.5700485232280709 0.5152663308478443 0.013872524707979336 0.013097769943569383
0 0.7057215543485384 0.5389093732523239 0.01274378487425466 0.012046783760131746
0 0.773548896195613 0.5768912596061812 0.008910739101554842 0.010269377525360529
0 0.6716201111270826 0.48223346474972845 0.008495052586097205 0.011588440944904048
0 0.6878995112824021 0.467070972295214 0.011065542008718711 0.01227108869184526
0 0.6533686939751063 0.43155806073905284 0.012974291244026121 0.014026601335902281
0 0.7323888660281248 0.08108186794564179 0.010199486926791656 0.012292996303379565
0 0.7478480698938162 0.0273450802340703 0.008506933294125918 0.009824419306738635
0 0.7999362138282193 0.10222533593734477 0.010640254830369693 0.009363637986307998
0 0.6623176996231708 0.055820919222809295 0.011051131908003001 0.012258923033530936
0 0.9879711213153806 0.1009265607389515 0.008711194036098208 0.012041921054585705
0 0.9330850404682234 0.09599999013768358 0.010432428206983395 0.01048638780563997
0 0.2905069030694242 0.4068670253597568 0.008320605152669648 0.009595231405702417
0 0.3247984927600353 0.355592644745657 0.008926232599337416 0.010024396077213574
0 0.25643768949857615 0.33500205722700294 0.009799351045438841 0.010020752685037118
0 0.18763024704603454 0.3117507348526251 0.008923839390564703 0.009577007845903538
0 0.9504832119967327 0.02394975788339623 0.009994039088251618 0.010932566019053683
0 0.9896991951517047 0.04682266630208664 0.012138116961121777 0.011589654072216063
0 0.9903263891736213 0.06274489124277324 0.012778353505199649 0.012718495017942678
0 0.9877542106928957 0.07904559441861257 0.013840230278031752 0.010935002718510457
0 0.4116893285322893 0.32676088015156507 0.010651013150141296 0.013371936391532887
0 0.49507122313579704 0.32906440494264333 0.008959655131423959 0.0126978061180143
0 0.6435139344393123 0.039201205063980886 0.010427621141263079 0.011590874016026393
0 0.6788143606472499 0.043035517034975705 0.008735076459415155 0.011595740719977857
0 0.9808394593740614 0.46777682177374685 0.010962501273319837 0.01379995470373133
0 0.875111844712872 0.42436128912037485 0.009678561103822515 0.011834418509912951
0 0.8377508782871526 0.40454416517814656 0.01156573592218594 0.009213706424763882
0 0.8773533516181324 0.408901885738833 0.010003939075359156 0.011179241441456074
0 0.9275278100494493 0.3930147266593959 0.01159389166331162 0.009517099639584737
0 0.9613377358340051 0.3936521746404833 0.010353963312440593 0.007901568264351795
0 0.7893123632847453 0.4552336079723958 0.010025060215064453 0.010859710726074926
0 0.824180079977274 0.38670984255231894 0.009110495285403353 0.009517100451191848
0 0.977340635013123 0.340664790630093 0.010923749475184371 0.009874272971383987
0 0.8941870902195894 0.4079870158755917 0.00924503964033399 0.009535921535901689
0 0.9084951529785633 0.3904966488066343 0.0104893697745695 0.008844892602716141
0 0.8585382532880943 0.37149033611521987 0.009389245820224474 0.009353753910349902
0 0.9091053856689925 0.37423664480784613 0.008146675016965216 0.008882537892020925
0 0.9081857792471923 0.3192104887078905 0.008443010038946762 0.008885227385926573
0 0.9436956300441272 0.3408566367082327 0.006872418871445338 0.007214119061572752
0 0.8579705551462511 0.35169688065173077 0.010033845454663197 0.008231838468647947
0 0.8754202375838852 0.33616219573260037 0.00938836076718049 0.008876262462988336
0 0.8595938550524611 0.3344406692556061 0.009091135147336296 0.007217705846998116
0 0.8756180311416795 0.3177527007797072 0.008781590481056355 0.010190202319268083
0 0.8245572995631156 0.37012852522802203 0.008162506872136327 0.007232043629044254
0 0.9600280073129156 0.32220400481613193 0.007172276375753547 0.012798363138955243
0 0.944674735657937 0.3212974385960612 0.01033634776644387 0.01019199824648912
0 0.8817889365870469 0.38541163002525003 0.011593887896493049 0.008869092517740887
0 0.9461501430637035 0.4799610496851873 0.010320533957009223 0.008210330858338671
0 0.8585689222400638 0.49392725342114474 0.00844743539630045 0.009535022997611428
0 0.8066785225270726 0.4234344698252013 0.010010980756328846 0.013137602131679027
0 0.8417144536756008 0.47564053019023483 0.009400699004897626 0.01149338614769127
0 0.8943293418863028 0.47829040541165196 0.006897954475161843 0.010175862250337968
0 0.8182729709057 0.27997645304332563 0.00656199187891772 0.010836416550020697
0 0.8201019318528577 0.2094895621620115 0.010346881435506888 0.011157732527477272
0 0.8729445857161994 0.2849167568098393 0.010002158137880716 0.010861512310875768
0 0.7850964329450312 0.36475216141239153 0.008772794764759437 0.010506139190108283
0 0.8442973929241102 0.5478865915366821 0.008792177927644005 0.011159524711200335
0 0.9489373779565424 0.5899927483012177 0.010320553705631801 0.00921012719279248
0 0.9491309823695712 0.6243292836889803 0.009071823180930918 0.013475052900849055
0 0.9116421840698268 0.5524150672699174 0.009409514008921373 0.012475256612369624
0 0.9316782705495125 0.5534563124296369 0.010049723093506841 0.010838209990983718
