1 0.18789262057179812 0.632018541992084 0.010828931827507004 -0.014959265086035138
1 0.1581399016709226 0.6222632349610332 0.013176059178644565 -0.012486894792064164
1 0.24213465789378416 0.5475797198843921 0.01213358506605756 -0.013178229573221909
1 0.16378070893776944 0.580392865958202 0.008334002501853718 -0.010031682864752828
1 0.22691873638777108 0.3084109867499633 0.014070662263235667 -0.01162028011892315
1 0.12887085874962462 0.42287188808489246 0.01084455022065923 -0.011816400394593807
1 0.17889270580634928 0.387789860621772 0.011697055405550978 -0.012249097925404183
1 0.45145373806686756 0.6859446243280117 0.009162462309866053 -0.011612935774647361
1 0.3412932264238096 0.6627061929192325 0.010430986837415796 -0.011141000757083108
1 0.3991217256055736 0.6086031092287115 0.011272649991712192 -0.010685008970559925
1 0.22431717352510044 0.5394381726463803 0.011883413395049369 -0.012727145687335573
1 0.19915955350302705 0.5323287133525288 0.012351225727215046 -0.0120358131989793
1 0.2703849208481019 0.557484525575176 0.00937887527798189 -0.008715210638608955
1 0.4313561132919361 0.4685332425367014 0.012146835282853827 -0.012499162844880207
1 0.5169395514347068 0.5373033621914699 0.010248284139784007 -0.012268715318682023
1 0.49541071263005637 0.19565115380123665 0.011283421838974081 -0.010954715650190006
