1 0.5537834194679631 0.584577376833404 0.08077079605311155 -0.07523518379637471
1 0.7176426369797938 0.7021787610587337 0.0371568705534517 -0.03729738687135039
1 0.7494538278042953 0.619777414372158 0.024157574284231154 -0.02843953647540622
1 0.661375551459425 0.6308860782065492 0.025298983203701494 -0.030288918141843722
1 0.5026308166985286 0.6442316184601021 0.012892653744486046 -0.016582279110587732
1 0.6205281898625785 0.6490500586595339 0.017163666379751592 -0.023185393500814572
1 0.6632798213166434 0.8912135834511158 0.02944727503217575 -0.02829031151139477
1 0.8297221633882784 0.5504940639225855 0.018900552228002288 -0.021765625649172803
1 0.9199392086317445 0.7092771466777279 0.02187371556533546 -0.017690136514782528
1 0.009723738252139855 0.3676778431085074 0.0313459825567992 -0.03345171529490169
1 0.8592107293723015 0.052393602122182165 0.031653989896905134 -0.02791944812375138
1 0.7314379671848629 0.04229764241605946 0.018776838993653656 -0.019430874063490453
1 0.22994047252268235 0.016671298726307973 0.009218525069016145 -0.010689194606414988
1 0.2311878727045955 0.030617566691859027 0.010669272358688276 -0.011328245161733029
1 0.23573332928745758 0.04546223996040518 0.010835654041161987 -0.010199155448640052
1 0.23565983672512741 0.06074708564601154 0.011760853188702973 -0.009878733923216282
1 0.2374288250837566 0.08577971488741734 0.009744085119355742 -0.011637019079983352
1 0.2898016704797245 0.12086527421182879 0.010024023296129777 -0.011173860123062384
1 0.28153027586604856 0.0814106757773081 0.010821575997851607 -0.010025955325598853
1 0.2625095584517254 0.08373099401568627 0.009728239163438358 -0.010506137372071938
1 0.09463445896827956 0.017791183799903982 0.04702222747728228 -0.03165220272730042
1 0.11633123975349363 0.04408105478516415 0.019937090435542346 -0.018548637976777083
