1 0.023679906763136388 0.10071159084395798 0.010209442126769119 -0.011182453200213778
1 0.38986392543617093 0.4567834360657928 0.009561451785947856 -0.010498591157938204
1 0.4259511826553087 0.4575995595493916 0.008969718262825797 -0.010709488275529177
1 0.40729346737935684 0.4724130518283815 0.0076448493462237645 -0.010713145782295269
1 0.32133497027600777 0.4556162042401272 0.009583017024461453 -0.010931355462665373
1 0.35348336096432786 0.4189522129259111 0.009589002856803013 -0.009825665003484441
1 0.4419412650450746 0.3863366319841631 0.009362997114431204 -0.010253555183267022
1 0.32007160293165504 0.4377861593379744 0.007269516997947926 -0.010036561902583315
1 0.425869694490599 0.4421923997887535 0.007276720400309054 -0.01117883502475677
1 0.4753264346000988 0.44023386893278665 0.007885231829089363 -0.010492498763378997
1 0.08327633480234753 0.6111541985657488 0.008524900951718048 -0.011366564743603168
1 0.13551740667169415 0.6299073153982468 0.009404932171015477 -0.010240156288629258
1 0.1508685380324903 0.5953572558317395 0.008102847767494073 -0.01049248316395347
1 0.18905969233149889 0.6153311436264826 0.008492577622712749 -0.009803723533868148
1 0.504992013120365 0.31325288924874733 0.00722996830008924 -0.011588429490910917
1 0.4697603174231992 0.3134382833082152 0.014277078664021158 -0.010703391876191862
1 0.45634737195560665 0.33192727541576483 0.008541662546737891 -0.009583068657429744
1 0.48828365652174577 0.31512481177804713 0.008742499562071227 -0.009812255801481876
1 0.23056602739819848 0.2585865931727906 0.010669849045665526 -0.01069851515392244
1 0.26505738145967084 0.241214958133125 0.012126064362322412 -0.008955246070172285
1 0.24608665858838344 0.2757790869505637 0.008732894534335994 -0.008706559748903194
1 0.3178266807713705 0.2603329645441563 0.010189104756204093 -0.009375829059350234
1 0.21162977296949886 0.23990500263231584 0.009166316719407715 -0.012160170315796708
1 0.20965745617919487 0.25754395033413124 0.010957941245969112 -0.009953045664502641
1 0.2682412260409626 0.2588216101701571 0.008074662220187304 -0.009141158865162063
1 0.052915970168031026 0.012029059710370727 0.009563781175444402 -0.008355475044950392
1 0.07217343183609135 0.03138665839727469 0.008097980309323204 -0.010274267170072068
1 0.5405923551451642 0.3850904558657806 0.008106442774168965 -0.01338777949856931
1 0.506529612474984 0.4038026203596664 0.01131436613070347 -0.015156633447753748
1 0.5066303007187685 0.42276030451442614 0.007406844177578644 -0.010280388905844293
1 0.49246766265470354 0.43947556916736286 0.010005071133874902 -0.010471765276496157
1 0.5598588020757704 0.38711403881815076 0.011702850121414152 -0.012724612762592551
1 0.507244466930378 0.4397205555406859 0.008094460163038315 -0.011139812179634443
1 0.46902176795550055 0.29482377054650455 0.011927638618593537 -0.010913064860841688
1 0.4886341145989008 0.28255443111970613 0.009152556670057337 -0.010697293472189532
1 0.5226568727329283 0.3145809876946468 0.010851545693670831 -0.008253072881898164
1 0.5055069622957352 0.3319716278387585 0.007884021012748524 -0.01160184687498742
1 0.5228567890164147 0.3317679887781337 0.00896731475958737 -0.009153967569395535
1 0.012658133866356277 0.45000563664812476 0.012203760869891906 -0.011511320306055561
1 0.04526347077894592 0.4504895566085049 0.009733820332941122 -0.009542205644988129
1 0.007220260355985019 0.3416333813359096 0.01250829488311599 -0.011513114146221855
1 0.028542134052982962 0.43299361771334033 0.007814832218672808 -0.007233843346192836
1 0.027702869409808845 0.36287910403239515 0.00882013547097946 -0.010170482239255341
1 0.06410807871430113 0.48814428000294857 0.010040146748240037 -0.011489802214953382
1 0.044829204918067085 0.39956451493783335 0.010041893505514031 -0.010165101797106009
1 0.04720695985696937 0.4342125112451212 0.011923874140285501 -0.013135814081553373
