1 0.6597719101681643 0.9293962501151941 0.03231923490536688 0.032539108282415775
1 0.9847246304099478 0.898929521525215 0.02237662689653216 0.01764039017209093
1 0.8186938965993346 0.5908332207571999 0.032555573750841005 0.037456171725032704
1 0.778759034033833 0.6774867179023807 0.03190134812875326 0.02762488927737694
1 0.6677663096958149 0.26862390612011716 0.03103386776065218 0.029847362470646496
1 0.6148420665846578 0.35481496629480885 0.02506073464169285 0.02434360436213914
1 0.7514811762117056 0.23645022853558934 0.011580561422951679 0.013107173693778753
1 0.7778185504083803 0.15274806366186455 0.03127489318221546 0.024666750268284177
1 0.5326306092886202 0.4054166039418728 0.01845088722361306 0.0180845109045775
1 0.4024869164226842 0.4829762889118273 0.03789371086854568 0.035813708216560054
