0 0.6536099092244375 0.2452201276723084 0.00938503448783261 0.012937985586852767
0 0.7021934056400162 0.2400200899027175 0.008320885537328517 0.011170449018030484
0 0.663413065036577 0.2308871575789608 0.011267946640983587 0.012489351928270515
0 0.46800543305475445 0.2062534646332293 0.010636082386325409 0.009111730228901958
0 0.5166685835167584 0.22103301091470146 0.008400765846869567 0.0069114912081899476
0 0.5423880206048488 0.2269524462741389 0.006166651814994289 0.011476859473099866
0 0.5024410761415776 0.2198719416839687 0.010425062474408527 0.009395527925600871
0 0.542062012752995 0.21441437685652795 0.006274873882123246 0.006907811356509944
0 0.5171254977222713 0.19823737413634274 0.01063065715770169 0.0062557140161317
0 0.5546735411480341 0.22666649049979143 0.009050708867882083 0.007463082460411628
0 0.7610694131109773 0.2830901284502293 0.011050300242424737 0.012032126537628857
0 0.7529833300346963 0.26516268914519925 0.011301725507463988 0.008289922264569375
0 0.7330791342345907 0.24319032093993445 0.010830226183255635 0.010078321450926138
0 0.818048171318227 0.23211174829792913 0.010198967403891247 0.009827007036128118
0 0.7899823915964084 0.20878314435502965 0.009053127873098341 0.009693364145276105
0 0.7864190369487808 0.22771702344845235 0.010604723652415887 0.011829904540972684
0 0.7524811768186529 0.21970719719220969 0.01011245458591275 0.009700115599404594
0 0.7116745671897945 0.20064741550928358 0.007670330038157905 0.007932578207595404
0 0.6856884665421505 0.17777752760845078 0.010662007436792298 0.009378365860962449
0 0.7386078415531665 0.20424394788951564 0.011673095861404408 0.01339030450024257
0 0.7762314028200897 0.176139218457096 0.01021343423757793 0.009384507827282331
0 0.7184571580430947 0.25777216866395763 0.009140852746303852 0.01226012636329305
0 0.7804162281794792 0.16160154575618568 0.011506095152893444 0.008479872867756342
0 0.637747432148402 0.1687769913469657 0.009184249318318396 0.008707867179681363
0 0.7607975990081024 0.17242340952611346 0.009596656371680338 0.009822094384198489
0 0.6644316775718613 0.1635023558936569 0.009802241465076805 0.009158956522407885
0 0.7818300382252328 0.1469774926019849 0.008110462736974402 0.008701735324083389
0 0.649658979118302 0.14730391888820066 0.009365725242646365 0.008705413546176483
0 0.7975976596394463 0.19273838508038446 0.015323775002914595 0.014270390797213433
0 0.8331744510268156 0.21395736351906924 0.00913843191365098 0.01161295540297617
0 0.9713381739675135 0.28265784228018476 0.01533225339428499 0.01316968070749168
0 0.9377332650472568 0.2851802152005695 0.00979262206021969 0.0098294695763724
0 0.9153488079784438 0.3127553723720635 0.010226735626006634 0.013847543796995983
