1 0.8184447351840615 0.1451041754164468 0.010343790785587035 -0.011885590593213122
1 0.8067019890887092 0.2104312266516276 0.008054591183899333 -0.007952858411678762
1 0.7774511053126063 0.06365292223410741 0.0110220721477182 -0.012235166787198095
1 0.9470214460424957 0.09476520349194213 0.012039494192963312 -0.01363347156131722
1 0.7543471463881287 0.19496248006858916 0.009072013229827232 -0.0100503155755886
1 0.8184871277701335 0.08510816112736046 0.007969806011755272 -0.008652010799648708
1 0.7709226471973712 0.16581656489310057 0.01017422044471285 -0.010662073914948505
1 0.8608797129547681 0.19343308421063035 0.010682931466652617 -0.011361226302008066
1 0.8204795792755759 0.06859068596464302 0.009580724250856616 -0.009875527477458134
1 0.7722368173396582 0.09122574451913873 0.008139376353995031 -0.011710802495537848
1 0.6902919501813405 0.17381312032817395 0.008393731865647703 -0.010836862010347819
1 0.6630759104947038 0.1694434179031342 0.009241583571384205 -0.008739404848258749
1 0.7565939534052237 0.1500419391417477 0.007545880162642353 -0.0071663119769195425
1 0.7515492357706464 0.02751548318005734 0.012039494190004564 -0.009438557235773503
1 0.7202211153180951 0.1900684133430129 0.010767716640845044 -0.009088981042243722
1 0.7626560930862981 0.0434212000015941 0.00949593908007813 -0.00996292152743375
1 0.9868280835322697 0.08571991946080286 0.009156798396736587 -0.007515888168628556
1 0.8296363776760678 0.19076756573007247 0.008817657718402157 -0.00664194768389372
1 0.7983506498136853 0.19950697057514488 0.011530783165788837 -0.010312497720053148
1 0.8783878506387047 0.0495387833922344 0.014583049302434554 -0.015206564435387579
1 0.7934331099318617 0.04892702505310209 0.011191642488819981 -0.007341100070042898
1 0.9312090117782255 0.19360787229647064 0.0105133611275992 -0.00847722270333901
1 0.8178512389983987 0.1292421555941795 0.013396056919501602 -0.01136122630246326
1 0.8402345239745593 0.229570523243514 0.008308946696234793 -0.01048728581681804
1 0.7117849908720653 0.15747043325061402 0.012717775555094476 -0.009962921526523368
1 0.6437872842409196 0.09611981122218298 0.013396056915860067 -0.011011650107567902
1 0.6706641832483115 0.046043021445329194 0.01288734589824462 -0.012584742980272685
1 0.2456361242172373 0.9836063734706371 0.01136121282445946 -0.013458683465917906
1 0.8328582141694056 0.08624428371809613 0.009156798402654081 -0.009088981042243722
1 0.8141104724184899 0.17294815327641705 0.009061415082085895 -0.008708192685114644
1 0.7590266070518695 0.10272079290897711 0.010492164829385376 -0.01067455877610942
1 0.8093072411145392 0.05321050384573507 0.009947117305618373 -0.009972285172963044
1 0.7741289655223921 0.15424426630246776 0.010991791727746001 -0.011517287100886495
1 0.7219860857544478 0.2111752464443733 0.010265061695753202 -0.01245365190644724
1 0.8897244611743406 0.22676572044614887 0.010537585456384927 -0.00824001028301706
