1 2.2757779056688165 -0.337600002936083 0.009156798398329759 -0.009904658826994815
1 2.171887810249155 -0.5062705164919549 0.013904767942124157 -0.010953387408949734
1 1.868752564469153 -0.6825734436150571 0.007687188780758227 -0.009088981042698915
1 1.8660394390182387 -0.7246973749802321 0.013113439683497447 -0.011069912807096455
1 1.8529259993341722 -0.6663181505990802 0.009043751505020558 -0.009904658826994815
1 1.807707241805883 -0.6493637051951333 0.009948126656956468 -0.011186438204787985
1 1.79476337246417 -0.6671338283845141 0.007574141887449027 -0.009671608030246179
1 1.761018874659112 -0.529575596084201 0.008478517036198594 -0.010836862012168587
1 1.9993782502801394 -0.5539294042588573 0.011756876957641946 -0.010370760420036892
1 1.803976694311089 -0.5294008079872086 0.011191642486316426 -0.011419488999715852
1 1.7082824986903697 -0.10064560616591932 0.00983507976296448 -0.010137709622833066
1 1.7891675512201015 -0.05563767120093726 0.007121954309660304 -0.009263769137643037
1 1.756949186480749 0.0316689832268951 0.009835079761143712 -0.013283895366877055
1 1.7567796161404436 0.050109127455164305 0.009495939081443704 -0.015206564434022003
1 1.7594079564210348 0.0174237533248524 0.011022072146125028 -0.009962921526068175
1 1.831305780891035 -0.07503914996209615 0.013735197598063627 -0.011361226302918451
1 1.7367703159328802 0.13968802714185063 0.010852501806388823 -0.010137709623288258
1 1.8214707011289808 0.14257203074256805 0.00898722805995913 -0.0099629215247026
1 1.6754706377589816 0.031756377274822355 0.011022072145897432 -0.00926376913855342
1 1.804810415151691 0.1979361604514531 0.008224161526366689 -0.008652010799193517
1 1.8380462019335577 0.08681462781607581 0.010089435273706768 -0.00996292152697856
1 1.6864079247358075 0.1919496681314519 0.011869923849813167 -0.012759531077037575
1 1.7900154029217412 0.18050104778151657 0.008308946694641621 -0.01013770962374345
1 1.7926437432024462 0.15957017317013714 0.00830894669691758 -0.011273832253398026
1 1.8508911552442509 0.14257203074211286 0.00983507976068852 -0.011011650108023094
1 1.6938690197286956 0.12225291447054853 0.010343790784221459 -0.011099044156177943
1 1.7356681087183359 0.17700528584166683 0.012548205215358271 -0.011186438206153561
1 1.7866239961071027 0.21440993859009308 0.007291524650989681 -0.010312497719597956
1 1.675385852588886 -0.7153753431453365 0.01170035351121494 -0.010836862010803012
1 1.8057006594411098 -0.8412227729503393 0.008817657717946964 -0.009438557236683888
1 1.7221872666320388 -0.882385369782397 0.007291524649624105 -0.009263769137643037
1 1.8910793259990004 -0.864644377941415 0.012378634875622066 -0.008739404847803557
1 1.6846274361573115 -0.7917577415128454 0.012887345895741066 -0.011885590592757931
1 1.771362665442992 -0.7165551627988409 0.008478517037336573 -0.006729341732503761
1 0.695057320234526 -1.0190696615977477 0.009580724251084211 -0.00926376913855342
1 0.6786513897695716 -1.0222158473431573 0.007461094992319058 -0.007515888169083748
1 0.7084533771530034 -1.021036027687832 0.008732872546713285 -0.009001586992723297
1 0.7131589541086774 -1.0552507976660885 0.008139376355815799 -0.006641947683438528
1 0.6952692831605618 -0.9935069024180019 0.008139376355133012 -0.008652010799193517
1 0.7093860140267872 -1.069801906736901 0.010259005616174124 -0.009525951284838737
1 0.7311334102231334 -0.9751541522383428 0.007800235675433005 -0.00865201079782794
1 0.6808981967832527 -1.0552944946913039 0.010598146293598171 -0.010399891769118381
1 0.2814964554843858 -1.57177147266973 0.010174220446533617 -0.01013770962419864
1 0.2677612578846152 -1.5733008685176746 0.00949593908007813 -0.00952595128301797
1 0.3115527983777633 -1.5710723202824428 0.008224161524773519 -0.009613345332083202
1 0.3085005322451005 -1.5388239163965467 0.010767716636975911 -0.00996292152697856
1 0.29128914266059547 -1.5247971716153463 0.009580724254725746 -0.010399891769573573
1 0.27390818273464723 -1.5137855215070957 0.008732872548534052 -0.009525951284838737
1 0.2681003985656808 -1.483110210492311 0.010343790783766267 -0.010749467963558546
1 0.27963118173431456 -1.5439364682311303 0.01034379078308348 -0.01074946795991701
1 0.26971131680205096 -1.5899057377294572 0.009156798399695335 -0.010399891768207997
1 0.30464280699322843 -1.6162113463198848 0.008987228059048745 -0.009700739381603627
1 0.30735593244402903 -1.6472799305529593 0.010174220444030062 -0.010312497720963532
1 0.3251184256360907 -1.6607823110420443 0.010767716636293124 -0.0100503155755886
1 0.25949470377308687 -1.7386067112079773 0.00975029459059282 -0.00943855723486312
1 0.30320145909659446 -1.508192302404474 0.008648087376845182 -0.009525951284383544
1 0.1083651375977317 -1.7542502458866427 0.00932636874056952 -0.007515888168628556
1 0.0806403868884724 -1.7214774777088588 0.013735197601249971 -0.009438557235318312
1 0.2788681152018601 -1.650426116297231 0.01170035351189773 -0.011361226302008066
1 0.06423445642272144 -1.5382121580578696 0.01805924129046915 -0.014856988240492221
1 -0.18253278192248784 -1.8568508587959691 0.010343790785587035 -0.011885590593668314
1 -0.19427552801795406 -1.7915238075610158 0.008054591183671737 -0.007952858411678762
1 0.1356235698695301 -1.7932279915077738 0.007545880161731969 -0.008739404846893175
1 0.28238669977243896 -1.6671183795587616 0.008902442886904683 -0.009613345332083202
1 0.2742897160020124 -1.6190516528988008 0.008987228060414321 -0.01188559059230274
1 0.273017938446594 -1.6051996962148205 0.008478517035060614 -0.009700739381148436
1 0.07211947726711215 -1.6431724102794396 0.008817657716808985 -0.009962921525157792
1 0.05897777586119779 -1.6485908412839307 0.010682931464604254 -0.01101165010711271
1 0.04397080070612258 -1.6499891460589602 0.008817657716808985 -0.010312497720053148
1 -0.22352641179417065 -1.9383021119785362 0.0110220721477182 -0.012235166787198095
1 -0.053956071064281276 -1.9071898307204738 0.012039494192963312 -0.013633471560862028
1 -0.2466303707186482 -1.8069925541438268 0.009072013229827232 -0.010050315575133409
1 0.2669557987668853 -1.559536305893229 0.009326368741252308 -0.01171080249599304
1 0.43703485051837304 -1.563381644025698 0.011361212826963014 -0.010312497720053148
1 0.4364837469113854 -1.6328599125630279 0.009411153910665219 -0.008914192944568447
1 0.5150372072538126 -1.6031459360827263 0.007630665334103628 -0.009088981040422954
1 0.6672265880586641 -1.0399786877104027 0.011191642487909598 -0.008564616751493859
1 0.48671896035229023 -1.611098794492812 0.008648087373203647 -0.01013770962419864
1 0.6450976585939286 -1.5990384158039719 0.01119164248950277 -0.011885590591392355
1 1.2541943224940588 -1.0689061177600419 0.012548205214447888 -0.009438557235318312
1 1.2726350970482518 -1.0668523576206648 0.007885020845301106 -0.008302434605663735
1 0.3463995034013486 -0.9470788141863214 0.011022072146580221 -0.011361226301552875
1 0.36259347094083616 -0.946117479653887 0.010852501806844016 -0.011885590593213122
1 0.3482647771485749 -0.9103733138283687 0.011700353509849366 -0.01345868346455233
1 0.3803135715460292 -0.9500502118349662 0.011700353509394173 -0.011011650108933478
1 0.380652712226981 -0.9665676869967732 0.010682931465287041 -0.015031776338622687
1 0.0901787185581503 -1.897401697300502 0.008987228059048745 -0.011361226301097684
1 -0.1824903893365296 -1.916846873085283 0.007969806011527674 -0.008652010799648708
1 -0.23005486990917812 -1.836138469319543 0.01017422044471285 -0.010662073914948505
1 -0.14009780415200893 -1.808521950002013 0.010682931466652617 -0.011361226302008066
1 -0.18049793783108725 -1.9333643482475453 0.00958072425062902 -0.009875527477458134
1 -0.2287406997671187 -1.9107292896932773 0.008139376353995031 -0.011710802495082656
1 -0.3106855669254364 -1.8281419138844697 0.008393731865647703 -0.010836862010347819
1 -0.3379016066120732 -1.8325116163095094 0.009241583571384205 -0.008739404848258749
1 -0.24438356370155317 -1.8519130950708957 0.007545880162642353 -0.0071663119769195425
1 -0.2494282813361306 -1.9744395510323587 0.012039494190004564 -0.009438557235318312
1 -0.28075640178868183 -1.811886620869403 0.010767716640845044 -0.00908898104178853
1 -0.23832142402047887 -1.9585338342110494 0.00949593908007813 -0.00996292152743375
1 0.297266497174419 -1.6649772253867061 0.007969806014714018 -0.01048728581681804
1 -0.014149433574393458 -1.916235114751613 0.009156798396964183 -0.007515888169083748
1 -0.17134113943070914 -1.811187468482571 0.008817657718402157 -0.00664194768389372
1 0.30532108835706656 -1.632554033401769 0.010004650099969533 -0.009613345331172819
1 0.29005975769432163 -1.6175222570649672 0.009665509422773081 -0.01066207391358293
1 -0.20262686729297782 -1.8024480636374987 0.011530783165561241 -0.010312497720053148
1 -0.1225896664678446 -1.9524162508199538 0.014583049302434554 -0.015206564435387579
1 -0.20754440717491524 -1.953028009159314 0.011191642488819981 -0.007341100069587706
1 0.3111712651157466 -1.6645402551457043 0.008478517037336573 -0.007865464361703146
1 0.4174070835827266 -1.8163437173476047 0.01271777555486688 -0.012934319174257658
1 0.4383490206648706 -1.5777579650106701 0.009156798398557355 -0.011536014399683341
1 0.44326656054453206 -1.5927023472997723 0.01220906453201673 -0.013458683463641945
1 0.29650343064287493 -1.569805106600812 0.007969806013348442 -0.008215040557053695
1 0.07623155803644059 0.14574006495620412 0.008987228059503936 -0.01031249772050834
1 0.10989127067037888 0.15246940668893547 0.009835079762054095 -0.012584742982093453
1 0.08165780893917982 0.10999589913045825 0.01068293146596983 -0.011536014399683341
1 0.06580298208053026 0.107898441967914 0.01017422044357487 -0.01013770962374345
1 0.05071122175547315 0.08893393344889493 0.008817657717946964 -0.009613345332538393
1 0.001154289676927081 0.1886068457343369 0.00991986493806729 -0.009001586992268105
1 -0.013216796697537074 0.18502368974633232 0.010682931465742234 -0.012322560833987369
1 -0.002533865232705225 0.15412989361093307 0.010852501806388823 -0.011536014398317767
1 -0.10605655824922604 0.30025274266023644 0.007969806016989977 -0.009088981040878148
1 -0.09198221996713808 0.30409808079270556 0.010343790785587035 -0.010836862010347819
1 0.004248948396003294 0.0992464311673549 0.011191642487454405 -0.009438557235773503
1 -0.04806350171770846 0.10912195864595102 0.013056916236160059 -0.015905716823357525
1 -0.054676745006566975 0.1457400649568869 0.015091760323008746 -0.011536014399683341
1 -0.036617503718487585 0.14783752211988635 0.01186992385186153 -0.010137709622833066
1 0.023919107920566677 0.1733565842737339 0.01186992385186153 -0.011186438204787985
1 0.08746559310791867 0.18301362663103252 0.008563302210618615 -0.008127646508898844
1 -0.15607980876295707 0.19253957791450568 0.009326368740797116 -0.010225103670987916
1 -0.05666919651144036 0.16151469070664656 0.007206739479300811 -0.00760328221541783
1 -0.6346073102992108 0.18366908199264909 0.014583049304710513 -0.014682200142361755
1 -0.06976850532843774 -1.8083471619161728 0.010513361127371603 -0.00847722270333901
1 -0.18312627810815063 -1.8727128786180087 0.013396056919501602 -0.01136122630246326
1 -0.16074299313210386 -1.7723845109691296 0.008308946696007196 -0.01048728581681804
1 -0.2891925262347117 -1.844484600961802 0.012717775555094476 -0.00996292152697856
1 -0.3571902328658574 -1.9058352229904605 0.013396056915860067 -0.011011650107567902
1 -0.33031333385835165 -1.9559120127670868 0.012887345898017025 -0.012584742980727877
1 -1.5730943610649992 -1.2116642959560664 0.016278752711631598 -0.016430081113197003
1 -1.7924335967991292 -1.3923077941537614 0.01577004168855385 -0.019401478760931293
1 -2.0078727146950874 -2.115493545281853 0.011191642487909598 -0.012235166785377328
1 -1.6309178472532528 -2.306362147150763 0.014922189982362158 -0.015031776338167496
1 -1.6020061041595812 -2.300856322096752 0.012039494190459755 -0.013458683465462713
1 -1.2493845806121398 -1.4528718697490264 0.009495939079167745 -0.011011650108023094
1 -1.2970338463559081 -1.4530029608214863 0.009156798397874567 -0.009001586992723297
1 -1.287961833127674 -1.4243377129213186 0.009665509422545486 -0.010050315573767832
1 -1.279992027113074 -1.9880730226086971 0.007461094990270695 -0.009613345332538393
1 -1.581106559663737 -2.299763896492085 0.007037169141385373 -0.009351163186708271
1 -0.6809847984852848 -2.7068890713115215 0.008987228059048745 -0.01031249772050834
1 -0.5320172541532875 -3.168242253211781 0.01017422044357487 -0.013283895367332247
1 -1.0556504663257729 -3.6417432078472154 0.017635315436121523 -0.01817796208312187
1 -1.0609919320584165 -3.5489307283674196 0.00932636873943154 -0.008739404847348366
1 -1.04975789698489 -3.5449542991613527 0.009241583568653053 -0.010924256060323437
1 -1.0375064398681668 -3.5423761747312255 0.010852501806161227 -0.010137709622377873
1 -1.019998302187075 -3.5362585913380817 0.00771545050283375 -0.009962921526068175
1 -1.1482358723631918 -3.51860499354662 0.017974456119235472 -0.015381352530786893
1 1.7459907032030917 -0.7732957488129358 0.008987228055634806 -0.009088981041333339
1 1.8193298755684741 -0.7468153521250606 0.007461094992546654 -0.01171080249599304
1 1.6901172759336396 -0.7521463890834452 0.006782813630415489 -0.007690676265393446
1 1.6558216745207972 -0.641461826690663 0.00890244288758747 -0.009700739380238051
1 1.7113135685250465 -0.5320007809752348 0.008987228059048745 -0.011710802494172272
1 1.7542996498989851 -0.8498092382531321 0.007461094990498291 -0.007952858411223571
1 1.6868954394605578 -0.8690796259434244 0.0115307831678372 -0.010312497720053148
1 1.6705319015798545 -0.898007055988284 0.012039494190914948 -0.012934319173802465
1 1.8567201357015308 -0.7576522141372292 0.013056916232973717 -0.011885590593213122
1 1.6502682458622315 -0.7793259381611112 0.00847851703528821 -0.009088981041333339
1 1.6581108741219157 -0.8553150633112404 0.008902442886449492 -0.009525951283928353
1 1.6982142597030419 -0.7755679940777073 0.009750294588772053 -0.00926376913855342
1 0.29268809798560974 -0.9131262263773375 0.012548205214447888 -0.011011650108023094
1 0.5436522022648946 -0.9812061901385 0.010513361122819686 -0.010836862009892628
1 0.3116799761484972 -0.9100674346809932 0.00796980601744517 -0.008914192944113256
1 0.7512910844888337 -1.1718126098627182 0.009156798400378122 -0.01031249772050834
1 0.7673154816876747 -1.1745218253655327 0.007630665331372476 -0.007341100072318857
1 0.7587521794803562 -1.1944476684178968 0.008139376353995031 -0.008040252459833612
1 0.7703677478215893 -1.1850965052307334 0.009665509421862698 -0.010662073914493314
1 0.11175654442818837 -1.9419289650217988 0.0076306653327380515 -0.008914192943658064
1 0.12727223060520335 -1.9419289650217988 0.008139376356726184 -0.009613345332538393
1 0.16398420937248723 -1.9338013185131275 0.00932636873943154 -0.009438557236683888
1 0.11251961095904967 -1.9594077747169507 0.008478517033695038 -0.009962921526068175
1 0.13142670395229655 -1.8822388299119515 0.006274102607565338 -0.008040252459833612
1 0.10878906346402811 -1.7189867473623914 0.009835079764102458 -0.010137709622833066
1 0.13977804323562756 -1.8153386858061142 0.006189317437924831 -0.006904129828813459
1 -0.7553413928895397 -1.0183486607424617 0.01136121282445946 -0.013458683465917906
1 1.834845561751179 -0.8232851445461866 0.008478517036198594 -0.00629237149081913
1 1.8755424435272994 -0.8342967946544373 0.007461094991863866 -0.00664194768389372
1 1.702411125641783 -0.06190819423832363 0.009495939080988513 -0.011710802495082656
1 1.7376817565136848 0.12336718852796527 0.011191642487682002 -0.009962921527888942
1 1.775326372155663 -0.0016063007900267402 0.007969806013120846 -0.008215040555688119
1 1.7990662198574514 -0.000994542451804815 0.00881765771931254 -0.009438557235773503
1 2.16792410352829 0.0002945197633725253 0.006782813629960297 -0.006510856611889042
1 2.1847963524309333 0.0022390373426699832 0.008817657718402157 -0.006816735780203418
1 2.1495893104372863 0.03228074150457651 0.008690479963031012 -0.007821767337398125
1 2.1888660406072478 -0.0149775902075622 0.00746109499163627 -0.0076032822176937895
1 2.187509477883896 -0.0333740374108436 0.007630665331827668 -0.009088981042243722
1 2.1375710125368466 -0.05681749091361661 0.008817657714077833 -0.00817134353183829
1 2.155799824166711 -0.05343097153475703 0.007969806013803635 -0.008914192945478832
1 2.22070287208117 -0.030009366543453736 0.010259005615946528 -0.008215040557053695
1 2.234247303048225 -0.011612919339717148 0.0071643469003980515 -0.007952858410313186
1 2.183948500728497 0.01713972260837761 0.00890244288872545 -0.007603282215873022
1 2.2027284159633003 0.002850795682029888 0.009326368740341923 -0.008564616751493859
1 2.1749188800844004 -0.06916190026134966 0.009665509420952314 -0.011361226302008066
1 1.740055741282851 0.1592861424461517 0.008817657714305429 -0.008914192945478832
1 1.7607009302663599 -0.0018684829399535907 0.008224161528870245 -0.01013770962146749
1 1.757691056718631 0.0679593617895405 0.010852501806388823 -0.012060378688612438
1 1.7754111573254172 -0.018779231320278224 0.0076306653334208396 -0.007778070314003488
1 1.6818931144130764 -0.08061052061697488 0.01102207214544224 -0.010662073913127738
1 1.6698536202244374 -0.10516824823907073 0.008648087375479608 -0.010487285815907655
1 1.6768907893636606 -0.16966505601291135 0.010513361125095644 -0.008739404848713942
1 1.6637490879566084 0.008094438582700645 0.007969806015169209 -0.008040252459833612
1 1.6773995003854867 -0.008772612772180988 0.009156798399240143 -0.01136122630246326
1 1.6705742941693404 0.0462856377667965 0.008732872544664922 -0.007166311975098775
1 1.6784169224295937 0.15675171503805366 0.011700353509394173 -0.01188559059230274
1 1.805382715050406 0.12122603433292253 0.00890244288827026 -0.010574679866338465
1 1.74785597695817 0.17807586286567473 0.0078002356733846406 -0.007341100071863666
1 1.659552222024581 0.17584731463021538 0.009580724253360172 -0.010050315574223024
1 1.7318315797608086 0.21084863104436907 0.007800235673157045 -0.008040252460743995
1 1.7402253116271391 -0.15070054749503026 0.011869923852316722 -0.013808259660813262
1 1.7329337869742147 -0.3436666065273954 0.011191642487682002 -0.010662073914493314
1 1.6851149508876377 0.05109231043215531 0.010174220444030062 -0.009088981040878148
1 1.712924486768017 0.03457483527034827 0.008478517035743403 -0.008215040555688119
1 1.7406492374806901 0.10606316692297796 0.009665509421862698 -0.008564616751493859
1 1.694102178947483 0.10309176927456087 0.011869923852544317 -0.012759531077037575
1 1.6929151865629568 0.15648953289267875 0.009835079762054095 -0.011536014398772958
1 -0.053065826755289244 0.1283486492830335 0.009326368741707499 -0.010836862010803012
1 0.11201089994507575 0.13201919931873773 0.010174220443347275 -0.009088981041333339
1 -0.3009776649000906 0.1697734282591006 0.01136121282901138 -0.010836862011713395
1 -0.634946450967531 0.16243232818814732 0.010513361124640453 -0.012235166786742904
1 -0.6279516744121039 0.1441232750321104 0.008224161521587175 -0.009875527477002943
1 -0.2947883474646693 0.15273158880699889 0.01051336112532324 -0.010836862011713395
1 -0.3112366705139888 0.2234333740225934 0.008478517036653786 -0.01031249772050834
1 -0.16811930293725752 -1.9157107504945474 0.009156798402881678 -0.009088981042243722
1 -1.2485367288950235 -1.4686901925458506 0.009326368739886732 -0.011361226302918451
1 0.6746452904894915 -1.069474179114926 0.010852501806388823 -0.011361226301552875
1 0.28997497254448196 -0.8967835393302754 0.008308946697145176 -0.009613345332538393
1 1.7822787561319597 -0.7987274169454848 0.009156798399467739 -0.009263769138098229
1 3.6999497394392016 -1.4006102287908333 0.010174220443802466 -0.010137709622833066
1 3.6829927053655527 -1.4022707157112377 0.008478517035743403 -0.00926376913855342
1 3.6657813157846895 -1.4202738896978224 0.01237863487198053 -0.009962921525157792
1 3.646619867279448 -1.4221091647163573 0.010004650101335109 -0.010487285815907655
1 3.6477220744951304 -1.4023581097600755 0.013226486574303094 -0.011885590592757931
1 3.6823992091737447 -1.4187881908735 0.009665509422090294 -0.01013770962374345
1 3.6339020917245812 -1.385534755429954 0.01356562725673425 -0.011885590592757931
1 3.6146134654662454 -1.383961662556339 0.010513361125778432 -0.010749467962648163
1 3.595621587304837 -1.3859717256723214 0.01220906453201673 -0.011099044156633136
1 3.5975716462237526 -1.366526549887085 0.01136121282946657 -0.009613345332993586
1 3.5994793125589855 -1.3507082271137032 0.008393731863144148 -0.010312497719142765
1 3.5971053277877707 -1.3341907519516685 0.009750294591730801 -0.007166311976009159
1 3.5969781500318305 -1.3205572803896686 0.008648087377527971 -0.009088981040422954
1 3.5797455641549156 -1.3397402740277091 0.00674042104422966 -0.00812764650753327
1 3.614825428395012 -1.3344529340970435 0.010852501807299207 -0.00812764650798846
1 3.59812274983074 -1.3042582903489315 0.007969806013348442 -0.007778070314003488
1 3.614994998733838 -1.3032095617687973 0.009919864934880946 -0.008389828653363393
1 3.631316144029721 -1.3215623119480011 0.007630665333876031 -0.009263769138098229
1 3.596978150031603 -1.4049799312165558 0.011700353510987345 -0.009525951284838737
1 3.6689183670858547 -1.4015278663012387 0.007376309823361339 -0.006467159587584021
1 3.630171544228877 -1.4234637724682198 0.008054591183899333 -0.00769067626630383
1 3.717881802972934 -1.4032757472707085 0.011022072147035412 -0.01066207391358293
1 3.698974709980256 -1.4189411304601607 0.007121954309660304 -0.006685644708653932
1 3.7169703623899673 -1.4202520411874906 0.006994776554061564 -0.008083949484593823
1 3.737212821814611 -1.4023581097616686 0.008817657717719368 -0.011273832252942834
1 3.736873681132977 -1.4187881908753208 0.009326368738976349 -0.009613345331172819
1 3.614783035807347 -1.3650845480888885 0.010259005610484226 -0.01048728581681804
1 3.6501384518502547 -1.3680122487123179 0.008902442890091027 -0.00812764650798846
1 3.6317824624679784 -1.4038875056127995 0.007461094991863866 -0.008739404847803557
1 3.684582427309285 -1.3856658465046898 0.007842628262529216 -0.009088981040878148
1 3.701348694751471 -1.3864523929412698 0.008817657716808985 -0.01031249772050834
1 3.6164363466325202 -1.423813348664253 0.008902442885083916 -0.008477222701518242
1 3.6135960434224796 -1.4071210854065914 0.009156798403109274 -0.009001586992268105
1 3.6810850390322543 -1.9190317243476465 0.008478517038929744 -0.010487285815452463
1 3.696431154872378 -1.9178956017175368 0.011191642484268063 -0.010836862009892628
1 3.666035671293497 -1.920823302342104 0.010089435273251575 -0.009351163187618654
1 3.6478916448354357 -1.9196434826867788 0.007037169140702585 -0.009263769137187846
1 3.6314857143719608 -1.9385205971578705 0.0074187024040848655 -0.006773038757263973
1 3.6157792615621167 -1.9206266657331865 0.007037169141385373 -0.007603282217238597
1 3.630489488619467 -1.9201896954901363 0.008139376354905416 -0.007778070314458679
1 3.598737442318827 -1.9196653312005245 0.008054591185037312 -0.00917637508994338
1 3.601535352939837 -1.9372752319669984 0.007885020845528702 -0.008215040556598502
1 3.599330938510066 -1.8996083970745627 0.008732872545120115 -0.009088981040422954
1 3.6307014515456166 -1.897773122056938 0.00754588016332514 -0.009962921526523368
1 3.649269403855067 -1.8996083970747903 0.005426250903194411 -0.006030189344989007
1 3.666184045341847 -1.89923697236797 0.008139376354677819 -0.008783101872108578
1 3.6160336170714933 -1.8986470625407625 0.006613243285444577 -0.00865201079737275
1 3.5845783188670985 -1.899652094098185 0.010682931465287041 -0.009962921526068175
1 3.6820812647862273 -1.901574763166923 0.0068675987991456125 -0.009700739380693244
1 3.6960708178967403 -1.899826882197681 0.008393731866102896 -0.008477222702428625
1 3.713366992649748 -1.9001764583900727 0.008224161525456306 -0.007428494119563323
1 3.7136531426023485 -1.9185619813386434 0.008330142987848333 -0.009373011699315972
1 3.714066470307248 -1.8818892537482368 0.009283976155976863 -0.010225103670077531
1 3.6470437931345927 -1.8845110752017584 0.011573175753795434 -0.011536014399683341
1 3.6990594951512623 -1.9359643212412616 0.009283976155294074 -0.010225103670532722
1 3.714161853623378 -1.9337030002371183 0.006295298901454837 -0.0074066456074108125
1 3.682653564686422 -1.9364886855324666 0.008648087376162395 -0.008520919727188839
1 3.695887999872214 -1.8800867514977029 0.01254290613989443 -0.012388106369989708
1 3.6649599594463713 -1.937258845583453 0.009919864931694602 -0.008946965712569617
1 3.616696001216678 -1.93686557236448 0.00667683216756827 -0.007177236230947434
1 3.5858871899357427 -1.9376029596492859 0.008775265131078347 -0.007472191143413152
1 3.585505656669743 -1.920397256356268 0.009538331669450301 -0.011601559933409722
1 3.664292276227885 -1.880578343020224 0.009538331665353575 -0.009438557233952736
1 3.678647465385403 -1.8825938682643586 0.006962982115844667 -0.005800779968070436
1 3.728771398289021 -1.8812174120007987 0.007821431963632606 -0.006783963011291865
1 3.731108289546327 -1.8998978898616077 0.007916815282152429 -0.008750329103197025
1 3.7292960065304106 -1.9179392987441177 0.00848911518052599 -0.007865464362613529
1 3.730345223012507 -1.9341126598384986 0.01020601488611609 -0.010126785366984406
1 3.698868728517409 -1.9524490236341572 0.01058754814904318 -0.008652010799193517
1 3.683607397851705 -1.951367522284201 0.007535282014218229 -0.007275554534950943
1 3.7452727120710154 -1.91774266213429 0.009347565031045082 -0.009438557233952736
1 3.7644447587185357 -1.9153830228247775 0.010110631564409925 -0.009045284015662743
1 3.7453204037292513 -1.8804308655637636 0.007153748749470373 -0.007570509448782236
1 3.747275761720444 -1.8994062983384037 0.009538331663760403 -0.007177236230947434
1 3.74863497398278 -1.9333752725550584 0.006533757193316273 -0.0063906897943674466
1 3.731251364521603 -1.9516624771971218 0.01001524825112481 -0.009536875540687396
1 3.6951010875084793 -1.864945732600366 0.00925218171639439 -0.008946965712114426
1 3.7126516177743913 -1.8640117087066428 0.008679881816427655 -0.009831830454973881
1 3.680125906792304 -1.865535642427346 0.007916815282380025 -0.009143602321487018
1 3.7650170586194127 -1.9326378852707076 0.009442948347744135 -0.008652010798738324
1 3.7619171008265795 -1.880529183869588 0.007630665331600072 -0.010618376889277909
1 3.777321506468015 -1.8999962081665216 0.007726048649209511 -0.00943855723486312
1 3.776796898225032 -1.880234228955529 0.0076306653320552635 -0.007865464362158337
1 3.794633578441496 -1.8814140486101714 0.008584498498818217 -0.008652010799193517
1 3.7483249782053853 -1.95107256737128 0.00887064844686702 -0.00717723623003705
1 3.6169344595075152 -1.8841669611370633 0.008298348550086628 -0.009536875540232205
1 3.5990500876338394 -1.8830854597868796 0.008202965234525553 -0.008357055884451839
1 3.728819089946346 -1.8642083453164706 0.00925218171298045 -0.00816041927598963
1 4.013490598513481 -2.333039180476233 0.015070564032305589 -0.013764562633321898
1 3.995987759905918 -2.3334816128469797 0.009633714983873398 -0.00934023893040442
1 3.978866454565038 -2.3355462972424332 0.010873698099140343 -0.011306605021399196
1 4.033425711694024 -2.3334816128469797 0.010492164833937296 -0.010520058584819207
1 3.948987630623113 -2.3367506964726217 0.008346040208322357 -0.010175944519441352
1 3.9638435821935856 -2.337119390113545 0.008966031761290114 -0.00924192062594572
1 4.05097624196005 -2.3324738502250266 0.008393731863371744 -0.009586034691323575
1 4.051000087789054 -2.3070094093508775 0.008155273575151844 -0.009979307909613568
1 4.031589582848649 -2.3072060459593398 0.009442948347744135 -0.00943855723486312
1 4.071555192528483 -2.371727433310547 0.009156798401060911 -0.010077626214072268
1 4.051167008593448 -2.371334160092029 0.009109106739866434 -0.009094443169030072
1 4.053527745679986 -2.3513018055441166 0.011922914581691969 -0.011798196543237506
1 4.072127492425833 -2.3309499165061442 0.013067514379349476 -0.01278137958782451
1 4.03459415732353 -2.3722927635617532 0.007630665331827668 -0.009241920625490526
1 4.01856976012412 -2.3718011720385492 0.010682931468245789 -0.010028467062980898
1 4.034880307272945 -2.353169853330425 0.007630665333648435 -0.009143602321031827
1 4.016662093791278 -2.3547183666269014 0.007249132066169428 -0.007324713688318272
1 4.088724189525209 -2.3303108475276177 0.01220906453087875 -0.010421740280360508
1 4.0698382928282415 -2.307353523419214 0.010682931465287041 -0.01091333180265401
1 4.08948725606085 -2.3502203041950707 0.011255231368895311 -0.010126785366984406
1 4.106990094666478 -2.3498761901290104 0.010587548149270775 -0.010815013499105693
1 4.090393397568011 -2.3701789200152086 0.009633714982963013 -0.008750329103652216
1 4.107991619491476 -2.3696381693406856 0.008012198599534271 -0.00884864740629015
1 4.123777558397432 -2.3693923735786284 0.009442948350475287 -0.01150324163122698
1 4.124969849856398 -2.35164591961086 0.011445997998879482 -0.011208286717395688
1 4.053813895628262 -2.3911698780333004 0.012399831164959647 -0.01160155993523049
1 4.037264890189625 -2.391219037184164 0.01020601488270215 -0.008946965713024809
1 4.018569760123325 -2.392054742772518 0.011159848049465104 -0.009831830453153114
1 3.9993023301600155 -2.391858106164966 0.00887064844846019 -0.009438557234407927
1 4.089248797767054 -2.388957716180931 0.0082983485516798 -0.010520058586639975
1 4.072365950719628 -2.389203511942078 0.006581448849048447 -0.008258737581358715
1 3.998348496991887 -2.3736692198262235 0.010015248249759233 -0.01042174028127089
1 3.995248539200761 -2.353415649092482 0.008393731864509724 -0.009635193843325328
1 3.982848708034663 -2.3723419227158034 0.009538331666719151 -0.010323421976357
1 3.9801302835105608 -2.392841289210236 0.011350614684001194 -0.011208286716940494
1 3.965536636062092 -2.3746524028714933 0.0075352820167217845 -0.009831830451332346
1 3.97993951687648 -2.353022375874875 0.00944294834865452 -0.00943855723486312
1 4.107228552956632 -2.3883186472012667 0.00972909829852409 -0.011208286717395688
1 4.12477908322243 -2.3871879867002193 0.010873698100733515 -0.011699878239233998
1 4.056150786886365 -2.40980119674279 0.013258281015478737 -0.012289788067351775
1 4.037264890189738 -2.4096537192854193 0.00944294835252365 -0.008652010799193517
1 4.073939775443342 -2.409112968610441 0.008202965231111614 -0.009536875538411437
1 4.089344181083753 -2.408867172849067 0.007726048650575086 -0.008062100971075738
1 4.019809743240639 -2.409997833351252 0.008107581914184963 -0.00934023893085961
1 3.981751799894217 -2.411128493853438 0.010396781514734684 -0.008848647407655725
1 3.967158152445976 -2.393087084971838 0.007726048649209511 -0.009340238931314804
1 3.9539475630879366 -2.3943160637787098 0.00801219859839629 -0.007865464362158337
1 3.9988254135757235 -2.4110301755496617 0.007153748748104797 -0.00924192062594572
1 3.9684458272190235 -2.412603268421684 0.008012198600444656 -0.010028467062070515
1 3.9512768302205905 -2.3756355859174456 0.008584498498590621 -0.010815013498650501
1 4.106131644815731 -2.329622619396407 0.009633714983645802 -0.011208286718761262
1 4.10756239456394 -2.4076381940426503 0.009824481618409486 -0.010520058583908825
1 4.125875991366176 -2.407539875736826 0.008489115184395121 -0.010126785366984406
1 3.9652504861125637 -2.356488096110572 0.008202965233615168 -0.007816305210611775
1 3.9509429886127125 -2.355603231369306 0.008775265133354306 -0.008602851645826186
1 1.5760414788047925 -3.905370086127663 0.011636764631367208 -0.012191469762437884
1 1.5784260617209032 -3.8889509292705418 0.00991986493078422 -0.015141018897564472
1 1.6199178044674671 -3.8824619211712608 0.011255231364115796 -0.014747745680640054
1 1.6188685879833224 -3.89858612311455 0.01259059779926814 -0.011208286716940494
1 1.6227793039663905 -3.866730992446261 0.010873698099595536 -0.011208286716030112
1 1.571939996187871 -3.932505938178065 0.0118275312656757 -0.014157835853887852
1 1.5690784966881512 -3.948286026055749 0.01068293146596983 -0.01150324163122698
1 1.5807629529793472 -3.847263968149555 0.013067514383673798 -0.011011650108478287
1 1.58348137750436 -3.8312872436631813 0.008393731864509724 -0.011109968411116219
1 1.6168178466752032 -3.910384319659608 0.009061415082768684 -0.008750329103197025
1 1.6183439797437535 -3.9240505639891543 0.01077831478244129 -0.008946965713480002
1 1.6245438953254367 -3.851934087614985 0.011541381314440557 -0.011601559934775296
1 1.6258792617597926 -3.836399795499358 0.008298348549631436 -0.009831830453153114
1 1.6138609638596946 -3.9366353069680615 0.0086798818139241 -0.009733512149149606
1 1.6139086555180442 -3.951776325866536 0.009538331667401938 -0.010126785366074023
1 1.6514419906236457 -3.941403744738405 0.007153748749015181 -0.010815013499105693
1 0.30191113488664006 -1.601821370103068 0.00839373186405453 -0.0125847429793623
1 0.7079579138997232 -1.037670938698675 0.009347565032410656 -0.011404923324492321
1 0.10174924487890794 0.1837865176505044 0.009919864933060178 -0.00884864740856611
1 0.07356347480719638 0.16382790183059448 0.007535282016266592 -0.011011650106202326
1 -0.19975741907605085 0.1955847141941971 0.0112552313638882 -0.014157835852977467
1 -1.5473806084779373 -2.2958011226387165 0.01344904765092521 -0.011404923326313088
1 -4.080809190572205 -1.8237749425824532 0.012781364432893846 -0.01120828671557492
1 -4.083193773489567 -1.8693946358854294 0.014879797397314308 -0.01553429211722004
1 3.6670345465796257 -1.9528013308938112 0.00629529889963407 -0.007144463462946265
1 3.650978354940861 -1.953325695184561 0.007503487575773736 -0.0063579170263662775
1 3.7481342115701666 -1.9638293673844693 0.008441423521152281 -0.0071772362291266665
1 3.572717479174549 -1.9152987500027236 0.008175712857643035 -0.008637965326347658
1 3.746246984535177 -1.8613465803974414 0.008311974737503705 -0.008567737965759907
1 3.7589363721953815 -1.8632953896479478 0.00803945097414083 -0.006882281316660949
1 3.7131864456760306 -1.848161393487034 0.009606462606535688 -0.010323421974991424
1 3.728447776338662 -1.8492850312527964 0.008516367557408509 -0.00835705588217588
1 3.649109296171124 -1.864559482134203 0.008993284141814167 -0.008708192686025028
1 3.6329622632807497 -1.865753347260781 0.009810855424164532 -0.008708192687390603
1 3.6172921469744397 -1.8674388039094247 0.0062680465247999155 -0.009270011569361475
1 3.5839079861484335 -1.8677197133513206 0.010355902949752303 -0.010112739892772973
1 1.72502340656946 -0.7187298703019235 0.009947117308121929 -0.010112739893683357
1 1.669224166332604 -0.6687982170776585 0.011173474232102666 -0.01109592294054632
1 1.8914672941206623 -0.8501252615578538 0.008175712856277459 -0.008427283245949976
1 1.7596679897952727 -0.891278494735506 0.008243843797687169 -0.009129556846820394
1 1.7791534387665862 -0.8902953116916018 0.007426272509646905 -0.006882281316660949
1 1.7227069545945313 -0.8669271575282887 0.007494403449691038 -0.007584554919352134
1 1.7392627731267634 -0.865031018798337 0.005859260881348774 -0.004915915227031748
1 1.6526683477986648 -0.8374316661726986 0.00763066533228286 -0.007865464362158337
1 1.7715568389069427 -0.8278456314822854 0.008175712855822267 -0.007654782279029503
1 1.8778411060286493 -0.7575129300694119 0.009402069783216945 -0.0071631907585567684
1 0.7074878107617998 -0.9911593580272555 0.006131784637656176 -0.007233418118234138
1 3.6330644596910435 -1.833501432006332 0.010355902949752303 -0.010393649335123984
1 0.31655247438902023 -1.5995038672446393 0.00919767696171897 -0.008567737965759907
1 0.31576896857487113 -1.5850370310074882 0.008584498497680237 -0.009129556850006737
1 0.29280884163831983 -1.648241655342554 0.0074944034508290175 -0.008427283245039592
1 0.2640575847645606 -1.5428655011042722 0.006949355930703549 -0.008497510604716962
1 0.26088949603213857 -1.529030711110135 0.00987898636557424 -0.009480693650669541
1 0.2745497495944012 -1.5267132082180224 0.008175712857415439 -0.008076146441645636
1 0.29464837703111885 -1.541390726535571 0.007766927210550358 -0.007233418117778946
1 0.28572322383014537 -1.6813187420767397 0.010628426713115178 -0.010253194615314055
1 0.288652854267861 -1.5105258016510232 0.007766927210550358 -0.009691375731067224
1 0.4610922645790209 -1.6147432044439314 0.010355902950890282 -0.011376832381076564
1 0.29825931687371393 -1.6805462411123229 0.007903189092914584 -0.007163190758101577
1 0.326942442809136 -1.6760516900492728 0.007766927211460742 -0.007163190757191193
1 0.4456265410943228 -1.6076502410466451 0.010219641071257208 -0.008286828522953702
1 0.08787097272479985 -1.6464157439700036 0.00953833166558117 -0.010674558776564612
1 -0.01868581815640044 -2.8995527624485344 0.01171852176042159 -0.012079105983312558
1 -0.1868670446882871 -1.8290068809362265 0.009061415082085895 -0.008708192685114644
1 -0.6248467954505874 -2.98712628082812 0.010764688593658636 -0.016995021210344307
1 -2.5262450818766733 -1.786659782627672 0.015125068781746302 -0.013624107912146393
1 -2.016216861574573 -1.9902489003463615 0.012672354923315412 -0.013202743750895835
1 -1.9695131018889143 -1.9818567307822985 0.010151510129392307 -0.012851606948412263
1 -1.2567612682425946 -1.4836638363029075 0.00763066533228286 -0.008637965326347658
1 -0.2419509100549074 -1.8992342413036665 0.010492164829385376 -0.01067455877610942
1 -0.19167027599212394 -1.9487445303666808 0.009947117305845968 -0.009972285172507851
1 0.28432653954740567 -1.5875652159745364 0.007835058153553238 -0.009691375731977607
1 0.31481513540560463 -1.6792119212604728 0.008993284140220995 -0.011095922938725553
1 0.26051477585643357 -1.754565878939439 0.008857022258539557 -0.01123637765990106
1 1.2883381436719812 -1.0640202444005769 0.009129546025316373 -0.007725009639162064
1 0.030845375557590315 -1.6519637054341316 0.00694935592615163 -0.009270011568451092
1 -1.997208329188234 -1.9879313974528832 0.010628426710611623 -0.010393649335579177
1 -0.22684855158438494 -1.8477107679099483 0.010991791727746001 -0.011517287100431303
1 -0.2789914313522154 -1.7907797877682703 0.010265061695980798 -0.01245365190644724
1 0.2817716292902884 -1.559029498536737 0.00772150658514398 -0.00908273860688375
1 0.09541079680843212 -1.534637195366787 0.009084125394447692 -0.009925466931205633
1 -0.11125305593243635 -1.7751893137660395 0.010537585456384927 -0.00824001028301706
1 -0.01950338943977499 0.15044490766451163 0.010174220442664486 -0.010674558777019803
1 -0.03785332273746515 0.12940010867324656 0.007085617807377876 -0.006226825953906407
1 -0.5140885965780738 0.1765226674821949 0.007448982823374276 -0.01086183173767676
1 -0.5295770303768407 0.17052993273070285 0.009174966648674386 -0.009363648051510721
1 0.03121215534598575 0.14104947300863618 0.008686694909225811 -0.012114219664744413
1 -0.0008093866723100724 0.13551906837930652 0.01243389663464032 -0.012640924867104197
1 0.04722292635490606 0.12638951153112057 0.011411932527833233 -0.009831830452697922
1 0.01877825871123163 0.1151531338714471 0.009368004313991464 -0.01158751446192944
1 -0.01626659379027081 0.11129062905072809 0.009453167989331126 -0.011060809259114466
1 -0.03189412825913847 0.09355822055626074 0.01430749749757517 -0.01123637765990106
1 -0.2937724306682837 0.19775806651004604 0.013796515443716436 -0.014045472074307334
1 -0.21857290513090197 0.23998226693427174 0.009197676962401757 -0.008602851645370994
1 -0.04858620867248304 0.08627213191587882 0.013115206039405974 -0.014747745678364094
1 -0.2527235390387206 0.16694581214514245 0.008686694909225811 -0.007725009641438023
1 -0.27805973252407634 0.1444511107749006 0.009112513287062097 -0.008558959545401942
1 0.08997509149695225 0.1644000703303229 0.009538331664898383 -0.009305125249882947
1 0.013923929203556576 0.15307590846866295 0.011411932527833233 -0.012640924867559388
1 -0.5554804057253839 0.1615909759122751 0.011752587230102262 -0.01316763006991917
