1 0.6950573202347536 0.9828853726148958 0.009580724251084211 -0.00926376913855342
1 0.6786513897695716 0.9797391868699414 0.007461094992319058 -0.007515888169083748
1 0.7084533771531172 0.9809190065248115 0.008732872546940882 -0.009001586992723297
1 0.7131589541087912 0.9467042365470102 0.008139376355588203 -0.006641947683438528
1 0.709386014026901 0.9321531274757427 0.01025900561640172 -0.009525951284838737
1 0.6808981967833665 0.9466605395215671 0.010598146293825767 -0.010399891769573573
1 0.2814964554846134 0.4301835615429135 0.010174220446533617 -0.01013770962419864
1 0.267761257884729 0.42865416569496895 0.009495939079850533 -0.00952595128301797
1 0.3115527983779909 0.43088271393020067 0.008224161524773519 -0.009613345332083202
1 0.3085005322452143 0.4631311178160968 0.010767716637203509 -0.00996292152697856
1 0.29128914266082306 0.4771578625972972 0.009580724254725746 -0.010399891769573573
1 0.2739081827348748 0.48816951270554787 0.008732872548534052 -0.009525951284838737
1 0.2681003985657946 0.5188448237203324 0.010343790783993863 -0.010749467963558546
1 0.27963118173454216 0.4580185659815132 0.01034379078308348 -0.01074946795991701
1 0.26971131680227856 0.4120492964831863 0.009156798399695335 -0.010399891768207997
1 0.30464280699345603 0.38574368789275876 0.008987228059048745 -0.009700739381603627
1 0.30735593244425663 0.35467510365968424 0.010174220444030062 -0.010312497720963532
1 0.3251184256363183 0.34117272317059927 0.010767716636293124 -0.0100503155755886
1 0.25949470377331446 0.2633483230046662 0.00975029459059282 -0.00943855723486312
1 0.30320145909659446 0.49376273180816943 0.008648087376845182 -0.009525951284383544
1 0.1083651375978455 0.24770478832600082 0.009326368740341923 -0.007515888168628556
1 0.0806403868887 0.2804775565037848 0.013735197601249971 -0.009438557235318312
1 0.2788681152020877 0.35152891791541263 0.01170035351189773 -0.011361226302008066
1 0.06423445642294903 0.4637428761547739 0.01805924129046915 -0.014856988240492221
1 0.13562356986964388 0.2087270427048698 0.007545880161959565 -0.008739404846893175
1 0.28238669977243896 0.33483665465388196 0.008902442886904683 -0.009613345332083202
1 0.27428971600224 0.38290338131384277 0.008987228060414321 -0.01188559059230274
1 0.2730179384467078 0.3967553379978231 0.00847851703528821 -0.009700739381148436
1 0.07211947726722595 0.3587826239329764 0.00881765771703658 -0.0099629215247026
1 0.05897777586131159 0.35336419292871285 0.01068293146483185 -0.01101165010711271
1 0.04397080070623638 0.35196588815368335 0.00881765771658139 -0.010312497720053148
1 0.2669557987669991 0.4424187283194146 0.009326368741024712 -0.01171080249599304
1 0.43703485051848684 0.43857339018694547 0.011361212827190612 -0.010312497720053148
1 0.4364837469113854 0.36909512164938796 0.009411153910665219 -0.00891419294502364
1 0.5150372072538126 0.3988090981296896 0.007630665334103628 -0.009088981040878148
1 0.6672265880587779 0.9619763465024684 0.011191642487682002 -0.008564616751038668
1 0.48671896035240403 0.39085623971983163 0.008648087373431245 -0.01013770962419864
1 0.6450976585941562 0.40291661840867166 0.01119164248950277 -0.011885590591392355
1 0.09017871855826409 0.10455333691214158 0.00898722805927634 -0.011361226301097684
1 0.2972664971746466 0.33697780882593753 0.007969806014714018 -0.01048728581681804
1 0.30532108835729416 0.36940100081087446 0.010004650099969533 -0.009613345331172819
1 0.2900597576945492 0.3844327771476764 0.009665509422773081 -0.01066207391358293
1 0.3111712651159742 0.33741477906693934 0.008478517037336573 -0.007865464361703146
1 0.4174070835829542 0.1856113168650388 0.01271777555486688 -0.012934319174257658
1 0.4383490206650982 0.4241970692019735 0.009156798398557355 -0.011536014399683341
1 0.44326656054453206 0.4092526869128712 0.01220906453201673 -0.013458683463641945
1 0.29650343064298873 0.43214992761183146 0.007969806013576039 -0.008215040557053695
1 0.7512910844889475 0.8301424243499252 0.009156798400605718 -0.01031249772050834
1 0.7673154816877885 0.8274332088471107 0.00763066533114488 -0.007341100072318857
1 0.7587521794805838 0.8075073657947468 0.008139376353995031 -0.008040252459833612
1 0.7703677478215893 0.8168585289821378 0.009665509421862698 -0.010662073914948505
1 0.11175654442830217 0.060026069190844765 0.007630665332965647 -0.008914192943658064
1 0.12727223060531714 0.060026069190844765 0.00813937635695378 -0.009613345332538393
1 0.16398420937260103 0.06815371569928841 0.009326368739203944 -0.00943855723713908
1 0.11251961095916346 0.04254725949546524 0.008478517033467442 -0.009962921525612983
1 0.13142670395241035 0.11971620430069213 0.006274102607337742 -0.008040252459833612
1 0.10878906346414191 0.28296828685025205 0.009835079764330054 -0.010137709622833066
1 0.13977804323562756 0.18661634840652935 0.006189317437924831 -0.006904129828813459
1 0.6746452904894915 0.9324808550977175 0.010852501806388823 -0.011361226301552875
1 0.30191113488686766 0.40013366410957574 0.00839373186405453 -0.0125847429793623
1 0.707957913899837 0.9642840955144237 0.00934756503218306 -0.011404923324492321
1 0.31655247438913403 0.40245116696800426 0.009197676961491374 -0.008567737965759907
1 0.31576896857509873 0.4169180032051554 0.008584498497680237 -0.009129556850006737
1 0.2928088416385474 0.3537133788700896 0.0074944034508290175 -0.008427283245039592
1 0.2640575847647882 0.45908953310837125 0.006949355930703549 -0.008497510604716962
1 0.26088949603236616 0.4729243231025085 0.00987898636557424 -0.009480693650669541
1 0.2745497495946288 0.4752418259946212 0.008175712857415439 -0.008076146441645636
1 0.29464837703123264 0.4605643076770725 0.0077669272103227625 -0.007233418117778946
1 0.28572322383037296 0.3206362921359038 0.010628426713115178 -0.010253194615314055
1 0.2886528542679748 0.49142923256162035 0.0077669272103227625 -0.009691375731067224
1 0.4610922645791347 0.38721182976871227 0.010355902950662686 -0.011376832381076564
1 0.29825931687382773 0.32140879310032067 0.007903189092686988 -0.007163190758101577
1 0.3269424428092498 0.3259033441633707 0.007766927211688338 -0.007163190757191193
1 0.4456265410944366 0.3943047931659985 0.010219641071484804 -0.008286828522953702
1 0.08787097272502745 0.35553929024263997 0.00953833166558117 -0.010674558776564612
1 0.28432653954751946 0.4143898182378796 0.007835058153780834 -0.009691375732432799
1 0.3148151354057184 0.3227431129519432 0.008993284140448591 -0.011095922938270362
1 0.26051477585654736 0.24738915527320465 0.008857022258311961 -0.01123637765990106
1 0.030845375557704113 0.3499913287785119 0.006949355926379227 -0.009270011568451092
1 0.28177162929040217 0.4429255356759066 0.007721506585371576 -0.00908273860688375
1 0.09541079680865971 0.4673178388458565 0.009084125394447692 -0.009925466931205633
