1 0.9877607204092399 0.18502368974633232 0.010682931465742234 -0.012322560833987369
1 0.894920958857551 0.30025274266023644 0.007969806016989977 -0.009088981040878148
1 0.9089952971396389 0.30409808079270556 0.010343790785587035 -0.010836862010347819
1 0.9529140153890685 0.10912195864595102 0.013056916236160059 -0.015905716823357525
1 0.94630077210021 0.1457400649568869 0.015091760323008746 -0.011536014399683341
1 0.9643600133882894 0.14783752211988635 0.01186992385186153 -0.010137709622833066
1 0.8448977083438199 0.19253957791450568 0.009326368740797116 -0.010225103670987916
1 0.9443083205953366 0.16151469070664656 0.007206739479300811 -0.00760328221541783
1 0.36637020680756616 0.18366908199264909 0.014583049304710513 -0.014682200142361755
1 0.9479116903514877 0.1283486492830335 0.009326368741707499 -0.010836862010803012
1 0.6999998522066864 0.1697734282591006 0.01136121282901138 -0.010836862011713395
1 0.36603106613924596 0.16243232818814732 0.010513361124640453 -0.012235166786742904
1 0.3730258426946731 0.1441232750321104 0.008224161521587175 -0.009875527477002943
1 0.7061891696421077 0.15273158880699889 0.01051336112532324 -0.010836862011713395
1 0.6897408465927882 0.2234333740225934 0.008478517036653786 -0.01031249772050834
1 0.8012200980307261 0.1955847141941971 0.0112552313638882 -0.014157835852977467
1 0.9814741276670019 0.15044490766451163 0.010174220442664486 -0.010674558777019803
1 0.9631241943693118 0.12940010867324656 0.007085617807377876 -0.006226825953906407
1 0.48688892052870314 0.1765226674821949 0.007448982823374276 -0.01086183173767676
1 0.47140048672993623 0.17052993273070285 0.009174966648674386 -0.009363648051510721
1 0.9847109233165061 0.11129062905072809 0.009453167989331126 -0.011060809259114466
1 0.9690833888476384 0.09355822055626074 0.01430749749757517 -0.01123637765990106
1 0.7072050864384933 0.19775806651004604 0.013796515443716436 -0.014045472074307334
1 0.782404611975875 0.23998226693427174 0.009197676962401757 -0.008602851645370994
1 0.9523913084342939 0.08627213191587882 0.013115206039405974 -0.014747745678364094
1 0.7482539780680564 0.16694581214514245 0.008686694909225811 -0.007725009641438023
1 0.7229177845827006 0.1444511107749006 0.009112513287062097 -0.008558959545401942
1 0.445497111381393 0.1615909759122751 0.011752587230102262 -0.01316763006991917
