1 0.4294184263972056 0.7902907382565771 0.016262855492186645 -0.016430081113197003
1 0.21029338913547235 0.6096472400586546 0.015754641257217372 -0.01940147876138649
1 0.7528120840175916 0.549083164463162 0.009486665701160746 -0.011011650108023094
1 0.7052093507599011 0.5489520733909298 0.009147856211939143 -0.00900158699317849
1 0.7142725045999896 0.5776173212908696 0.009656070448500031 -0.010050315573767832
1 0.722234527601131 0.013882011603491192 0.007453808764694259 -0.009613345332538393
1 0.7536591077544017 0.5332648416663377 0.009317260957686813 -0.011361226302918451
1 0.033386813249990155 0.020098303429889816 0.010141596545508946 -0.012851606948412263
1 0.7454426001835373 0.5182911979092808 0.0076232135104419285 -0.008637965326347658
1 0.005718632070966123 0.014023636759305236 0.010618047387652041 -0.010393649335579177
