1 0.577238489960576 0.5501318714740976 0.00833324861233298 -0.010702659386537885
1 0.5659886043363312 0.5485172461361746 0.007777698701911206 -0.010056809249254265
1 0.6018562952287307 0.550869985913927 0.006736042625975427 -0.010149073554923753
1 0.5993563206460002 0.584915514474579 0.00881935477971112 -0.010518130776160027
1 0.5852592417470152 0.5997239354355366 0.00784714244402277 -0.010979452301624113
1 0.571023275370518 0.6113492378718013 0.007152705057766482 -0.0100568092511765
1 0.566266379289678 0.6437340089431373 0.00847213608648977 -0.01134850952189927
1 0.5757107277137202 0.5795180526308781 0.008472136085744115 -0.01134850951853536
1 0.5675858103192402 0.530987028175988 0.00749992374931011 -0.010979452299701879
1 0.5961966305478827 0.5032154723573706 0.007361036272543528 -0.010241337861073799
1 0.5984188301765209 0.4704155119131651 0.008333248610282428 -0.010887187996435184
1 0.6129672933754633 0.45616067678382155 0.008819354778965465 -0.010610395081348955
1 0.5592178398399525 0.37399931314114915 0.007986029916874665 -0.009964544944545893
1 0.5950160869942482 0.6172541533950024 0.007083261318264709 -0.01005680925069594
1 0.4354343761109655 0.3574840025361185 0.007638811226076692 -0.007934730233753367
1 0.41272627364863096 0.3920831169281443 0.011249885625363268 -0.009964544945026453
1 0.5750857340686435 0.46709399693237064 0.009583235902859389 -0.011994359656299539
1 0.39928891026475327 0.5855613646094598 0.01479151628514807 -0.015684931858089994
1 0.197172909602411 0.2491657084117906 0.008472136087608252 -0.012547945486952554
1 0.18755495183166487 0.31813327643407124 0.006597155149022432 -0.008396051759698013
1 0.45776053801172595 0.31633412248408854 0.0061804927187226865 -0.00922643050399558
1 0.5779676492131346 0.4494715146655534 0.007291592532668928 -0.010149073554923753
1 0.5713357721939885 0.5002168824396916 0.00736103627366201 -0.012547945485991436
1 0.5702941161176798 0.5148407747902715 0.006944373840752473 -0.01024133786059324
1 0.4057471779379412 0.47475193424527107 0.007222148794472051 -0.010518130774237792
1 0.39498339848377756 0.4690315473334089 0.008749911039463692 -0.011625302435063264
1 0.3826918567834106 0.4675553184532694 0.007222148794285637 -0.010887187995474067
1 0.16359686207749902 0.16317537610473878 0.009027685994488166 -0.01291700270722771
1 0.3024843389123083 0.19602146870225967 0.009861010856206139 -0.014393231585925547
1 0.14467344335873153 0.3018024944379768 0.007430480011299646 -0.010610395080868397
1 0.5653288888219696 0.5630488741700321 0.007638811226635933 -0.012363416876574695
1 0.7046330280867991 0.558989244748447 0.00930546094653002 -0.010887187995474067
1 0.7041816437873076 0.48563912223690064 0.007708254964459983 -0.009410959114853996
1 0.7685212674304646 0.5170089859513987 0.006249936458597286 -0.009595487723790179
1 0.745327058799447 0.5086129341933826 0.007083261315468505 -0.010702659386537885
1 0.8750479621630948 0.5213454082890311 0.00916657347237323 -0.01254794548503032
1 0.42053869422355533 0.20635507085770985 0.007361036272543528 -0.011994359655338422
1 0.1972076314722551 0.18582626298585112 0.006527711409147832 -0.009134166200248326
1 0.1582496942217992 0.2710323486951928 0.008333248611028084 -0.01125624521671034
1 0.23192950068272836 0.30018786908924133 0.008749911041141416 -0.011994359656299539
1 0.1988395593265926 0.16838830933109372 0.007847142440853737 -0.010425866470009981
1 0.15932607216851113 0.19228476433778302 0.0066665988872193094 -0.012363416875613579
1 0.09220869898759917 0.2794745326065242 0.006874930102928423 -0.011440773825165965
1 0.0699172589560304 0.27486131735284447 0.007569367488811883 -0.009226430505437255
1 0.14651370242877818 0.2543786416326191 0.0061804927192819275 -0.007565673015881003
1 0.14238179999469272 0.12502408595789335 0.009861010853782761 -0.009964544945507012
1 0.11672233864724683 0.29663569334355233 0.008819354782693738 -0.009595487725712414
1 0.15147892972560684 0.14181618947536714 0.007777698702097619 -0.010518130776640586
1 0.5901550253079771 0.45173199012273896 0.006527711411571209 -0.011071716605371366
1 0.3350881741020912 0.18647211311496525 0.0074999237468867325 -0.007934730233753367
1 0.20633948307655517 0.29737380778314154 0.007222148795776946 -0.007012087183305754
1 0.5967521804559743 0.48596204729569104 0.008194361130719642 -0.010149073553962634
1 0.5842523075432536 0.5018315077627172 0.007916586180541923 -0.011256245215268666
1 0.180714743602402 0.3066002382852149 0.009444348421618879 -0.010887187995474067
1 0.24626963266885107 0.14827469082585737 0.011944323007518454 -0.01605398907884571
1 0.17668700677365456 0.14762884069097654 0.009166573471627575 -0.007750201621453275
1 0.601543798409641 0.4521933116465211 0.006944373842430196 -0.008303787453067406
1 0.6885568026464068 0.29193021378011835 0.010416560762713226 -0.013655117146816909
1 0.705709406037146 0.5438117665568822 0.007499923748378041 -0.012178888267157954
1 0.7097371428639362 0.5280345703940839 0.009999898331667825 -0.01420870297554769
1 0.5895300316635528 0.552207818314658 0.006527711410639141 -0.00867284467478424
1 0.2895330817046634 0.3003723976876052 0.00861102356567973 -0.008949637590831587
1 0.19668680343913397 0.23241973702048055 0.010972110671270862 -0.011994359656780097
1 0.2150199503810842 0.3383391592137408 0.006805486365290787 -0.011071716605371366
1 0.10981268667904145 0.26222110754940986 0.01041656076289964 -0.010518130775679467
1 0.0541188084695442 0.19745156540793932 0.010972110668474658 -0.011625302435543822
1 0.07613247354925752 0.14458411861565715 0.010555448241716772 -0.01328605992654175
1 0.9620262445413879 0.9723794634777849 0.007499923750055764 -0.010887187995954626
1 0.9751511111020746 0.9695192700212532 0.006249936456360322 -0.007750201624336627
1 0.9681372935217272 0.9484830084706151 0.0066665988872193094 -0.008488316064406382
1 0.9776510856857372 0.9583552891111734 0.00791658617979627 -0.01125624521671034
1 0.43821212566065104 0.1593464074120064 0.006249936457665218 -0.00941095911389288
1 0.45092032979122454 0.1593464074120064 0.006666598889642687 -0.01014907355540431
1 0.48098946852535696 0.1679269877816017 0.007638811225144624 -0.009964544946948687
1 0.43883711930442293 0.1408935464023333 0.006944373839261164 -0.01051813077471835
1 0.45432307297303104 0.22236292776017344 0.0051388366431597355 -0.008488316064406382
1 0.43578159481490564 0.394712649584941 0.00805547365805416 -0.010702659385096208
1 0.4611632812090048 0.2929912532712895 0.005069392905522099 -0.007288880097911423
1 0.2089783451523635 0.18702569890981666 0.0074999237517334874 -0.009595487725712414
1 0.5939592401835593 0.518407366753453 0.006874930101623528 -0.013286059925580634
1 0.6059513060849352 0.520854018377986 0.00753340554972432 -0.00904519704744312
1 0.6053095715390922 0.5361270560153497 0.007031178513312156 -0.00963832472400092
1 0.5865039591643186 0.46940019255325244 0.006138330448517282 -0.00889691512866409
1 0.5629550914446584 0.5806487021363226 0.005691906418822843 -0.00897105608685221
1 0.5603602517542919 0.5952544711391807 0.008091435590058005 -0.0100090295197471
1 0.5715487540715014 0.597701122799275 0.006696360490901517 -0.008526210330034556
1 0.5880106402745805 0.5822056622844636 0.006361542462898467 -0.0076365188178409305
1 0.5807004467401694 0.4344798006759851 0.008705268636923 -0.010824580073752609
1 0.5830999759136415 0.6147906139430035 0.006361542462898467 -0.010231452397675369
1 0.7243373792349518 0.5047654301892597 0.008482056620118437 -0.012010835423984857
1 0.5909681994891319 0.4352953512297503 0.006473148472232817 -0.007562377859172253
1 0.6144612642064552 0.4400403726306793 0.006361542464016949 -0.007562377858211135
1 0.7116700973095346 0.5122536670885619 0.008370450613393879 -0.008748633208443383
1 0.41864852289647964 0.47132785750074374 0.007812420571568885 -0.011269425829128585
1 0.19362290895445566 0.27856136305652696 0.007421799542813348 -0.009193478964780476
1 0.14850618015537434 0.20442040365932257 0.00859366262647017 -0.011269425828648027
1 0.1896887971658716 0.15215102727986274 0.008147238593793111 -0.01052801623523343
1 0.579556485153813 0.5334579814835745 0.0064173454694297785 -0.010231452398155927
1 0.6045283294796236 0.4367040294634372 0.0073659965377733455 -0.011714271585465678
1 0.5600533352291817 0.3571507800252718 0.007254390528625409 -0.011862553504725266
1 0.3719414084832116 0.4654707217135373 0.005691906415280983 -0.009786606640377157
1 0.16087584606037394 0.25881515420786844 0.0090028846577135 -0.012159117341802769
1 0.11816794693908446 0.31891875863012786 0.008407652614081952 -0.01314766346779724
1 0.5774638725092726 0.5635839246609416 0.006324340461837568 -0.009588897414697706
1 0.42482405535248907 0.5893355512273593 0.007440400543250591 -0.01047858892737189
1 0.2555549429794639 0.33537805161676276 0.008630864629208791 -0.008699205902984637
